0  0  0  0  0  0  0  0  0  0  0  0  0  0  0  0  0  0  0  0  0  2.33726  0  0  0  0  0  0  0  0  0  0  0  0  0.938247  0  0  0  0  0  0  0  0  0  0  0  0  0  0  0  0  0  0  0  0  3.75759  0  0  0  0  0  0  0  0  0  0  0  0  0  0  2.12193  0  0  0  0  0  0  0  0  0  0  0  0  0  0  0  0  0  0  0  
0  0  4.61605  0  0  0  0  0  0  4.90258  0  0  0  0  0  0  0  0  0  0  0  0  0  0  3.087  0  0  0  0  0  0.991118  0  0  0  0  0  3.58363  0  0  0  0  0  0  0  3.69809  1.06933  1.92176  0  4.33837  0  0  4.07407  0  0  0  0  0  0  0  0  0  0  0  1.98068  0  0  0  0  3.75662  0  0  0  2.11862  0  0  0  0  3.52147  0  0  2.65152  0  0  0  3.55371  0  0  0  0  0  
3.8998  1.30838  0  0  0  0  0  0  2.79936  0  1.66049  0  0  3.1178  0  0  1.34089  0  0  0  0  0  0  3.35579  0  0  0  4.50662  0  0  0  0  0.426235  0  0  0  0  0  0  0  3.60237  0  0  0  0  0  0  0  0  3.68757  0  0  0  1.29647  0  0  0  0  4.30358  0  0  0  3.06445  0  1.35849  4.32223  0  0  0  0  0  0  0  2.49849  0  0  0  0  0  0  0  0  0  0  0  0  2.39965  0  0  0  
0  0  0  0  0  0  0  0  0  0  0  0  0  0  0  0  0  0  0  0  0  0  3.61451  0  4.95228  0  2.95322  0  0  2.9919  0  0  0  0  0  0  3.70479  0  0  0  0  0  0.855502  0  1.7378  4.38918  2.91928  0  0  0  0  0.832179  0.300006  0  0  0  0  0  0  0  0  0  0  4.58232  0  0  0  0  0  0  0  0  0  0  0  0  0  0  0  0  0  0  0  0  0  0  0  0  4.83016  0  
0  0  0  0  0  0  0  0  0  0  0  0  0  0  0  0  0  0  0  0  0  2.55062  0  0  0  0  0  0  0  0  0  0  0  0  2.00126  0  0  0  4.95121  0  0  2.68367  0  0  0  0  0  2.45009  0  0  0  0  0  0  0  1.71742  0  0  0  0  0  0  0  0  0  0  0  0  0  0  0.83713  0  0  0  0  0  0  0  0  4.41985  0  0  0  0  0  0  0  0  0  4.36464  
0  0  0  0  0  0  0  0  0  0  0  0  0  0  0  0  0  0  0  0  0  0  1.48412  0  0  0  2.35027  0  0  3.01634  0  2.73646  0  0  0  1.22689  4.77199  0  0  0  0  0  0  0  4.73805  0  0  0  0  0  0  0  0  0  0  0  0  0  0  0  0  0  0  0  0  0  0  3.16654  0  0  0  0  0  0  0  0  0  0  0  0  0  0  0  0  0  0  0  0  0.470758  0  
0  0  0  4.80304  0  0  0  0  0  0  0  0  0  0  0  0  0  0  0  0  0  0  1.77765  0  0  0  2.01468  0  0  2.18191  0  1.75146  0  0  0  0.956305  3.54748  0  0  0  0  0  0  0  4.05895  0  0  0  0  0  0  4.71548  0  0  0  0  0  0  0  0  0  0  0  0  0  0  0  2.6394  0  0  0  0  0  0  0  0  0  0  0  0  0  0  0  0  4.84562  0  0  0  1.85399  0  
0  0  3.58607  0  0  1.56755  4.08114  2.82806  0  4.3479  0  0.991645  1.87154  0  2.98364  4.09691  0  0  4.32209  0  0  0  0  0  0  4.97185  0  0  0  0  0  0  0  4.99696  0  0  0  0  0  4.94444  0  0  0  1.3019  0  0  0  0  0  0  4.55835  0  0  0  0  0  3.98141  0  4.55819  0  4.11985  4.49775  0  0  0  3.68268  3.60513  0  0  0  0  3.90852  0  0  0  0  1.54208  0  0  0  0  0  0  3.77233  0  0  0  4.02303  0  0  
0  0  1.98016  0  0  2.20442  4.56477  4.47262  0  2.66355  0  1.09475  1.488  4.92184  4.57778  4.05046  0  0  4.65233  0  0  0  0  0  0  0  0  0  0  0  0  0  0  0  0  0  0  0  0  0  0  0  0  0.724594  0  0  0  0  5.00495  3.75996  4.7489  0  0  0  0  0  4.85824  0  4.29536  0  4.68677  0  3.92627  0  0  2.54544  0  0  0  0  0  0  0  4.5489  0  0  0.159678  0  0  0  0  0  0  4.09675  0  0  5.0183  2.49366  0  0  
0  0  4.53817  4.1003  0  0  0  0  0  0  0  0  0  0  0  2.07662  0  0  3.13536  0  0  0  0  0  0  3.81423  0  0  0  0  4.35205  0  0  3.73014  0  0  3.95149  0  0  4.96219  0  0  0  0  0  3.36486  4.73238  0  0.519145  0  0  0  0  0  4.72191  0  0  0  0  0  0  0  0  0  0  0  0  0  0  0  0  0  0  0  0  2.48563  0  0.765617  0  0  0  0  0  3.29184  2.13917  0  0  0  0  0  
0  2.77376  4.74622  0  3.85716  0  0  0  1.33352  3.75987  3.52388  0  0  0  0  0  0  3.31648  0  0  0  0  0  3.21384  0  0  0  0  0  0  0  0  4.20821  0  0  0  0  0  0  0  4.33478  0  0  0  0  0  0  0  0  2.76282  0  0  0  5.02165  0  0  0  0  0  0  0  0  3.38904  0  2.61265  4.45602  0  0  0  0  0  0  0  4.08909  0  0  0  0  0  0  3.89002  0  0  0  0  0  2.45973  3.78488  0  0  
0  0  0  0  0  0  0  0  1.58865  4.46519  1.96218  0  0  3.30427  0  0  2.64086  0  0  0  0  0  0  3.11769  0  0  0  4.6917  0  0  0  0  1.63249  0  0  0  0  0  0  0  3.81241  0  0  0  0  0  0  0  0  2.56545  0  0  0  2.17529  0  0  0  0  4.30583  0  0  0  2.16073  0  0.193975  3.51966  0  0  0  0  0  0  0  2.05786  0  0  0  0  0  0  0  0  0  0  0  0  1.18835  4.27002  0  0  
0  0  0  0  0  3.98328  0  0  4.40381  1.07506  0  3.04567  3.05824  0  0  4.38263  0  0  0  0  0  0  0  0  0  0  0  0  0  0  4.02477  0  0  0  0  0  0  0  0  0  0  0  0  2.6408  0  0  0  0  4.5243  2.89243  0  0  0  0  0  0  0  0  0  0  0  0  3.61164  0  0  2.67044  0  0  0  0  0  0  0  4.45313  0  0  2.12642  4.95842  0  0  4.04748  0  0  4.97438  0  0  4.2961  1.17902  0  0  
0  0  0  0  0  0  0  0  0  0  0  0  0  0  0  5.03504  0  0  0  4.36289  4.40855  0  0  0  0  4.86948  0  0  0  0  0  3.93933  0  4.79646  0  0  4.34724  0  0  0  0  0  0  0  0  0  0  0  4.005  0  0  0  0  0  3.03082  0  0  0  0  0  0  0  0  0  0  0  0  4.44406  0  4.5931  0  0  0  0  0  1.68315  0  3.91435  0  0  0  0  0  0  3.2985  2.65389  0  0  0  0  
0  0  0  0  0  0  0  0  0  0  0  0  0  0  0  0  0  0.60616  0  0  0  0  0  0  2.76076  0  0  0  0  0  4.53132  0  0  0  0  0  0  0  0  0  0  0  0  0  0  0  0  0  0  0  0  0  0  0  0  0  0  0  0  0  0  0  0  3.60683  0  0  0  0  2.53722  0  0  0  3.16964  0  0  0  0  0  0  0  3.1338  0  0  0  0  0  0  0  0  0  
0  0  0  0  0  0  2.53119  3.69128  0  4.31466  0  1.14095  1.09427  4.05057  3.24801  0  0  0  0  0  0  0  0  0  0  0  0  0  4.92402  0  0  0  0  0  0  0  0  0  0  0  0  0  0  1.47278  0  0  0  0  0  4.55689  2.95763  0  0  0  0  0  2.66613  0  3.04231  0  2.62284  3.20641  4.28247  0  0  2.92669  3.97821  0  0  0  0  3.71415  0  4.29416  0  0  2.01564  0  0  0  0  0  0  0  0  0  0  4.10591  0  0  
0  0  0  0  0  0  0  0  0  0  0  3.60955  3.1342  3.1288  4.24856  0  0  0  0  0  0  0  0  0  0  0  0  0  2.48374  0  0  0  0  0  0  0  0  4.23526  0  0  0  0  0  3.8722  0  0  0  0  0  0  1.06514  0  0  0  0  0  1.04757  0  1.98908  0  0.108175  1.46927  4.72982  0  0  3.96844  4.64043  0  0  0  0  3.86601  0  4.31378  4.71533  0  4.48507  0  0  0  0  0  3.83076  0  0  0  0  0  0  0  
0  0  0  0  0  0  0  0  0  0  0  3.90231  4.42864  0  1.26181  0  0  0  4.49977  0  0  0  0  0  0  4.57804  0  0  0  0  0  0  0  4.56973  0  0  0  4.68018  0  3.83984  0  0  0  4.12862  0  0  0  0  0  0  0  0  0  0  0  0  4.51644  0  0  3.41794  0  4.74146  0  0  0  0  1.28208  0  0  0  0  2.45974  0  0  3.49679  0  4.39204  0  0  4.16529  0  0  0  3.91446  0  0  0  0  0  4.21855  
0  0  0  0  0  0  0  0  0  3.46919  2.90274  0  0  4.1739  0  0  4.17069  4.67859  0  0  0  0  0  3.34557  0  0  0  0  0  0  0  0  3.12835  0  0  0  0  0  0  0  4.44032  0  0  0  0  0  0  0  0  1.82592  0  0  0  3.71165  0  0  0  0  0  0  0  0  2.20005  0  1.42986  3.45206  0  0  0  0  0  0  0  2.73722  0  0  0  0  0  0  4.77311  0  0  0  0  0  1.06887  3.32584  0  0  
0  0  0  0  0  0  0  0  0  0  0  3.61304  3.35144  4.99861  0  0  0  0  0  0  0  0  0  0  0  0  0  0  0  0  4.02585  0  0  0  0  0  0  0  0  0  0  0  0  3.14918  0  0  0  0  0  1.94992  0  0  0  0  0  0  0  0  0  0  0  0  2.78093  0  4.46478  2.32008  0  0  0  0  0  0  4.96216  3.74988  0  0  2.73482  0  0  0  3.58784  0  0  0  0  0  3.31983  0.404226  0  0  
0  0  0  0  0  0  0  0  0  0  0  0  0  4.76652  0  0  2.1998  0  0  0  0  0  0  1.69682  0  0  0  2.86674  0  0  0  0  1.50984  0  0  0  0  0  0  0  1.96261  0  0  0  0  0  0  0  0  4.4517  0  0  0  2.96764  0  0  0  0  0  0  0  0  4.17129  0  1.90282  0  0  0  0  0  0  0  0  3.87551  0  0  0  0  0  0  0  0  0  0  0  0  3.07218  0  0  0  
0  0  0  0  0  0  0  0  0  0  0  0  0.897005  4.47765  3.71612  4.69801  0  0  0  0  0  0  0  0  0  0  0  0  0  0  0  0  0  0  0  0  0  0  0  0  0  0  0  0.418436  0  0  0  0  0  4.27295  3.99  0  0  0  0  0  3.80971  0  3.71894  0  3.7166  4.39598  4.10672  0  0  2.68819  4.45741  0  0  0  0  4.47966  0  4.42197  0  0  0.932659  0  0  0  0  0  0  4.46944  0  0  0  3.25393  0  0  
0  0  0  0  0  0  0  0  0  0  0  0  0  3.64067  4.25612  0  0  0  0  0  0  0  0  0  0  0  0  0  0  0  0  0  0  0  0  0  0  0  0  0  0  0  0  0.884245  0  0  0  0  0  3.54836  3.22576  0  0  0  0  0  3.51977  0  2.95904  0  3.15002  4.11066  3.3071  0  0  1.93459  5.01153  0  0  0  0  4.75014  0  3.61678  0  0  1.3729  0  0  0  0  0  0  0  0  0  4.4754  2.99853  0  0  
0  0  0  0  0  0  0  0  0  0  0  0  0  0  0  0  3.61423  0  0  0  0  0  0  0  0  0  0  0  4.73921  0  0  0  3.49234  0  0  0  0  0  0  0  0  0  0  4.466  0  0  0  0  0  3.53747  2.16584  0  0  2.16083  0  0  4.20397  0  1.16826  0  3.21666  4.61095  2.4822  0  3.42001  2.69825  0  0  0  0  0  0  0  1.54999  0  0  4.73185  0  0  0  0  0  0  0  0  0  3.17353  4.5708  0  0  
0  0  0  0  0  0  0  0  0  0  0  0  0  0  0  0  0  0  0  0  0  0  0  0  0  0  0  0  0  0  0  0  0  0  0  0  0  3.54673  0  0  0  0  0  4.27751  0  0  0  0  0  0  0  0  0  0  0  0  3.38503  0  0  4.03364  4.1902  3.55481  0  0  0  0  0.700825  0  0  0  0  1.21348  0  0  2.48042  0  4.54762  0  0  0  0  0  0  0  0  0  0  0  0  0  
0  0  0  0  0  0  0  0  0  0  0  0  0  0  0  0  0  0  1.23544  0  0  0  0  0  0  2.11782  0  0  0  0  0  0  0  2.06771  0  0  0  0  0  3.09188  0  0  0  4.56889  0  0  0  0  1.65576  0  0  0  0  0  4.1838  0  0  0  0  0  0  0  0  0  0  0  0  0  0  0  0  0  0  0  0  3.67886  4.17043  2.87674  0  0  0  0  0  1.16223  4.11811  0  0  0  0  4.66516  
0  0  0  0  0  0  0  0  0  0  0  0  0  0  0  0  0  0  0  0  0  0  0  3.94909  0  0  0  4.49655  0  0  0  0  1.0359  0  0  0  0  0  0  0  3.71441  0  0  0  0  0  0  0  0  4.98027  0  0  0  1.46461  0  0  0  0  4.76995  0  0  0  4.28248  0  2.69211  0  0  0  0  0  0  0  0  3.52688  0  0  0  0  0  0  0  0  0  0  0  0  3.67567  0  0  0  
0  0  0  0  0  0  0  0  0  0  0  0  0  0  0  0  0  0  0  0  0  0  0  0  3.17972  0  0  0  0  0  4.83281  0  0  0  0  0  0  0  0  0  0  0  0  0  0  0  0  0  0  0  0  0  0  0  0  0  0  0  0  0  0  0  0  4.01252  0  0  0  0  3.10484  0  0  0  3.51961  0  0  0  0  0  0  0  3.2404  0  0  0  0  0  0  0  0  0  
0  0  0  0  0  0  0  0  0  0  0  0  0  0  0  0  0  0  0  0  0  0  0  0  0  0.872644  0  0  0  0  0  0  0  0.850033  0  0  0  0  0  1.85077  0  0  0  0  0  0  0  0  2.66843  0  0  0  0  0  3.47765  0  0  0  0  0  0  0  0  0  0  0  0  0  0  0  0  0  0  0  0  4.0855  4.80471  3.79454  0  0  0  0  0  0.646911  5.04786  0  0  0  0  3.42625  
0  0  0  0  0  0  0  0  0  0  0  0  0  0  0  0  0  0  0  0  2.75112  0  0  0  0  0  0  0  0  0  0  0  0  0  0  0  0  0  0.779059  0  0  0  0  0  0  0  0  0  0  0  0  0  0  0  3.46248  0  0  0  0  0  0  0  0  0  0  0  0  0  0  1.75709  0  0  0  0  0  0  0  0  0  0  0  0  0  0  0  1.88806  0  0  0  0  
0  0  0  0  0  0  0  0  0  0  0  0  0  0  0  0  0  0  0  0  0  0  0  0  0  0  0  0  0  0  0  4.6132  0  0  0  0  0  0  3.26247  0  0  0  0  0  0  0  0  0  0  0  0  0  0  0  0  0  0  0  0  0  0  0  0  0  0  0  0  4.0891  0  1.06927  0  0  0  0  0  0  0  0  0  0  0  0  0  0  0  2.27765  0  0  0  0  
0  0  0  0  0  0  0  0  0  0  0  0  0  0  0  0  0  0  0  0  0  0  0  0  0  0  0  0  0  0  0  0  0  0  1.65405  0  0  0  4.26006  0  0  0  0  0  0  0  0  4.8384  0  0  0  0  0  0  0  4.21155  0  0  0  0  0  0  0  0  0  0  0  0  0  0  1.80278  0  0  0  0  0  0  0  0  0  0  0  0  0  0  0  0  0  0  0  
0  0  0  0  0  0  0  0  0  0  0  0  0  0  0  0  0  0  0  0  0  0  0  0  0  0  0.960768  0  0  1.89767  0  3.54256  0  0  0  2.24703  3.797  0  0  0  0  0  4.32217  0  3.3872  0  0  0  0  0  0  3.57384  3.63302  0  0  0  0  0  0  0  0  0  0  0  0  0  0  4.32515  0  0  0  0  0  0  0  0  0  0  0  0  0  0  0  0  0  0  0  0  1.25897  0  
0  0  0  0  0  0  0  0  0  0  0  0  0  0  0  0  0  0  0  0  0  0  0  0  0  0  0  1.86078  0  0  0  0  3.16942  0  0  0  0  0  0  0  1.15555  0  0  0  0  0  0  0  0  0  0  0  0  4.58211  0  0  0  0  0  0  0  0  0  0  3.00639  0  0  0  0  0  0  0  0  0  0  0  0  0  0  0  0  0  0  0  0  0  3.98333  0  0  0  
0  0  0  0  0  0  0  0  0  0  0  0  0  0  0  0  0  0  0  0  0  0  0  0  0  0  0  0  0  0  2.73747  0  0  0  0  0  0  0  0  0  0  0  4.65354  0  4.99262  3.952  3.37758  0  0  0  0  4.72346  0  0  0  0  0  0  0  0  0  0  0  1.11643  0  0  0  0  0.706846  0  0  0  1.17306  0  0  0  0  0  0  0  2.44733  0  0  0  0  0  0  0  0  0  
0  0  0  0  0  0  0  0  0  0  0  0  0  0  0  0  0  0  0  0  0  0  0  0  0  0  0  0  0  0  0  0  0  0.0913946  0  0  0  0  0  1.20753  0  0  0  0  0  0  0  4.49285  3.26212  0  0  0  0  0  2.88815  0  0  0  0  0  0  0  0  0  0  0  0  0  0  0  0  0  0  0  0  4.24205  0  4.43362  0  4.69731  0  0  0  1.39849  0  0  0  0  0  2.69748  
0  0  0  0  0  0  0  0  0  0  0  0  0  0  0  0  0  0  0  0  0  0  0  0  0  0  0  0  0  1.02017  0  3.80679  0  0  0  2.79253  2.95302  0  0  0  0  0  3.66184  0  2.394  0  4.20906  0  0  0  0  2.7041  3.04102  0  0  0  0  0  0  0  0  0  0  0  0  0  0  4.75965  0  0  0  0  0  0  0  0  0  0  0  0  0  0  0  0  4.57861  0  0  0  2.16908  0  
0  0  0  0  0  0  0  0  0  0  0  0  0  0  0  0  0  0  0  0  0  0  0  0  0  0  0  0  0  0  0  0  4.21364  0  0  0  0  0  0  0  0.919867  0  0  0  0  0  0  0  0  0  0  0  0  0  0  0  0  0  0  0  0  0  0  0  4.56273  0  0  0  0  0  0  0  0  0  0  0  0  0  0  0  0  0  0  0  0  0  0  0  0  0  
0  0  0  0  0  0  0  0  0  0  0  0  0  0  0  0  0  0  0  0  0  0  0  0  0  0  0  0  0  0  0  0  0  0  0  0  0  3.51429  0  0  0  0  0  0  0  0  0  0  0  0  2.82656  0  0  0  0  0  2.3867  4.93369  3.83733  0  2.35552  1.92602  0  0  0  0  0  0  0  0  0  4.61165  0  0  4.76849  0  0  0  0  0  0  0  1.41799  0  0  0  0  0  0  0  
0  0  0  0  0  0  0  0  0  0  0  0  0  0  0  0  0  0  0  0  0  0  0  0  0  0  0  0  0  0  0  3.58253  0  0  0  3.0234  1.92543  0  0  0  0  0  3.81972  0  1.91052  4.2673  3.51364  0  0  0  0  2.58202  3.22524  0  0  0  0  0  0  0  0  0  0  0  0  0  0  4.6151  0  0  0  0  0  0  0  4.86174  0  0  0  0  0  0  0  0  3.67642  0  0  0  2.92232  0  
0  0  0  0  0  0  0  0  0  0  0  0  0  0  0  0  0  0  0  0  0  0  0  0  0  0  0  0  0  0  0  0  0  0  0  0  4.53411  0  0  0  0  0  0  0  4.67813  2.04543  2.7537  0  4.8661  0  0  4.90616  0  0  0  0  0  0  0  0  0  0  0  1.7481  0  0  0  0  3.40272  0  0  0  1.55916  0  0  0  0  4.03707  0  0  1.6765  0  0  0  4.49394  0  0  4.63099  0  0  
0  0  0  0  0  0  0  0  0  0  0  0  0  0  0  0  0  0  0  0  0  0  0  0  0  0  0  0  0  0  0  0  0  0  0  1.52635  4.49233  0  0  0  0  0  0  0  0  0  0  0  0  0  0  0  0  0  0  0  0  0  0  0  0  0  0  0  0  0  0  1.06561  0  0  0  0  0  0  0  4.79349  0  0  0  0  0  0  0  0  0  4.7355  0  0  3.21736  0  
0  0  0  0  0  0  0  0  0  0  0  0  0  0  0  0  0  0  0  0  0  0  0  0  0  0  0  0  0  0  0  0  0  0  0  0  0  0  0  0  3.3679  0  0  0  0  0  0  0  0  4.12527  0  0  0  1.46871  0  0  0  0  4.62552  0  0  0  3.50542  0  1.73676  4.72433  0  0  0  0  0  0  0  2.88575  0  0  0  0  0  0  0  0  0  0  0  0  2.79123  0  0  0  
0  0  0  0  0  0  0  0  0  0  0  0  0  0  0  0  0  0  0  0  0  0  0  0  0  0  0  0  0  0  0  0  0  0  0  0  0  0  0  1.31712  0  0  0  0  0  0  0  4.541  3.2089  0  0  0  0  0  2.82377  0  0  0  0  0  0  0  0  0  0  0  0  0  0  0  0  0  0  0  0  4.16175  0  4.40293  0  4.69529  0  0  0  1.40553  0  0  0  0  0  2.70961  
0  0  0  0  0  0  0  0  0  0  0  0  0  0  0  0  0  0  0  0  0  0  0  0  0  0  0  0  0  0  0  0  0  0  0  0  0  0  0  0  0  4.57524  0  0  0  0  0  4.47771  0  0  0  0  0  0  0  3.2649  0  0  0  0  0  0  0  0  0  0  0  0  0  0  1.2333  0  0  0  0  0  0  0  0  0  0  0  0  0  0  0  0  0  0  0  
0  0  0  0  0  0  0  0  0  0  0  0  0  0  0  0  0  0  0  0  0  0  0  0  0  0  0  0  0  0  0  0  0  0  0  0  4.57024  0  0  0  0  0  0  0  4.96697  0  0  0  0  0  0  0  0  0  0  0  0  0  0  0  0  0  0  0  0  0  0  2.10263  0  0  0  0  0  0  0  0  0  0  0  0  0  0  0  0  0  0  0  0  1.64326  0  
0  0  0  0  0  0  0  0  0  0  0  0  0  0  0  0  0  0  0  0  0  0  0  0  0  0  0  0  0  0  0  0  0  0  0  0  0  0  0  0  0  0  4.58183  0  1.9925  2.54495  2.53263  0  4.33029  0  0  2.98939  4.01832  0  0  0  0  0  0  0  0  0  0  4.87409  0  0  0  0  0  0  0  0  0  0  0  3.35039  0  3.15421  0  0  0  0  0  0  1.87674  0  0  0  4.86619  0  
0  0  0  0  0  0  0  0  0  0  0  0  0  0  0  0  0  0  0  0  0  0  0  0  0  0  0  0  0  0  0  0  0  0  0  0  0  0  0  0  0  0  0  0  0  0  0  0  0  0  0  0  0  0  0  0  3.23615  2.80104  0  0  4.0389  2.7307  0  0  0  0  3.51895  0  0  0  0  2.34521  0  0  1.57925  0  0  0  0  0  0  3.8033  3.40246  0  0  0  0  0  0  0  
0  0  0  0  0  0  0  0  0  0  0  0  0  0  0  0  0  0  0  0  0  0  0  0  0  0  0  0  0  0  0  0  0  0  0  0  0  0  0  0  0  0  0  0  0  0  0  0  0  0  0  0  0  0  3.94599  0  0  0  0  0  0  0  0  0  0  0  0  0  0  2.19944  4.91085  0  0  0  0  0  0  0  0  0  0  0  0  0  0  2.67483  0  0  0  0  
0  0  0  0  0  0  0  0  0  0  0  0  0  0  0  0  0  0  0  0  0  0  0  0  0  0  0  0  0  0  0  0  0  0  0  0  0  0  0  0  0  3.99901  0  0  0  0  0  3.54073  4.49395  0  0  0  0  0  3.43435  0  0  0  0  4.19297  0  0  0  0  0  0  0  0  0  0  0  0  0  0  0  0  0  0  0  3.45107  0  0  0  2.15774  0  0  0  0  0  1.59469  
0  0  0  0  0  0  0  0  0  0  0  0  0  0  0  0  0  0  0  0  0  0  0  0  0  0  0  0  0  0  0  0  0  0  0  0  0  0  0  0  0  0  0  0  0  0  0  0  0  0  0  0  0  4.7805  0  0  0  0  0  0  0  0  0  0  3.71998  0  0  0  0  0  0  0  0  0  0  0  0  0  0  0  0  0  0  0  0  0  4.76035  0  0  0  
0  0  0  0  0  0  0  0  0  0  0  0  0  0  0  0  0  0  0  0  0  0  0  0  0  0  0  0  0  0  0  0  0  0  0  0  0  0  0  0  0  0  0  0  0  0  0  0.907455  0  0  0  0  0  0  0  1.36259  0  0  0  3.11075  0  0  0  0  0  0  0  0  0  0  3.51771  0  0  0  0  0  0  0  4.50712  1.67838  0  0  0  0  0  0  0  0  0  2.34543  
0  0  0  0  0  0  0  0  0  0  0  0  0  0  0  0  0  0  0  0  0  0  0  0  0  0  0  0  0  0  0  0  0  0  0  0  0  0  0  0  0  0  0  0  2.50447  4.85767  3.37923  0  0  0  0  1.57695  0.681509  0  0  0  0  0  0  0  0  0  0  4.54769  0  0  0  0  4.63908  0  0  0  0  0  0  0  0  0  0  0  0  0  0  0  0  0  0  0  0  0  
0  0  0  0  0  0  0  0  0  0  0  0  0  0  0  0  0  0  0  0  0  0  0  0  0  0  0  0  0  0  0  0  0  0  0  0  0  0  0  0  0  0  0  0  0  0  0  0  0  3.90462  4.09225  0  0  0  0  0  4.0871  0  3.85358  0  3.96952  4.79637  3.79132  0  0  2.40304  4.82152  0  0  0  0  4.87393  0  4.1493  0  0  0.567012  0  0  0  0  0  0  4.39526  0  0  4.93293  2.86182  0  0  
0  0  0  0  0  0  0  0  0  0  0  0  0  0  0  0  0  0  0  0  0  0  0  0  0  0  0  0  0  0  0  0  0  0  0  0  0  0  0  0  0  0  0  0  0  3.03154  1.91051  0  0  0  0  0.960191  2.01239  0  0  0  0  0  0  0  0  0  0  4.33712  0  0  0  0  0  0  0  0  4.82215  0  0  0  0  4.83962  0  0  0  0  0  0  3.75307  0  0  0  4.59527  0  
0  0  0  0  0  0  0  0  0  0  0  0  0  0  0  0  0  0  0  0  0  0  0  0  0  0  0  0  0  0  0  0  0  0  0  0  0  0  0  0  0  0  0  0  0  0  1.51177  0  3.85049  0  0  3.59647  4.76843  0  0  0  0  0  0  0  0  0  0  2.83494  0  0  0  0  4.53704  0  0  0  3.11896  0  0  4.45083  0  2.78307  0  0  3.7109  0  0  0  2.55554  0  0  0  0  0  
0  0  0  0  0  0  0  0  0  0  0  0  0  0  0  0  0  0  0  0  0  0  0  0  0  0  0  0  0  0  0  0  0  0  0  0  0  0  0  0  0  0  0  0  0  0  0  0  0  0  0  2.20086  3.21094  0  0  0  0  0  0  0  0  0  0  2.50251  0  0  0  0  3.93836  0  0  0  3.00495  0  0  0  0  4.06344  0  0  4.18971  0  0  0  3.49616  0  0  0  0  0  
0  0  0  0  0  0  0  0  0  0  0  0  0  0  0  0  0  0  0  0  0  0  0  0  0  0  0  0  0  0  0  0  0  0  0  0  0  0  0  0  0  0  0  0  0  0  0  0  0  0  0  0  0  0  4.66254  1.70677  0  0  0  3.76413  0  0  0  0  0  0  0  0  0  0  3.27998  0  0  0  0  0  0  0  0  2.23881  0  0  0  0  0  0  0  0  0  2.01414  
0  0  0  0  0  0  0  0  0  0  0  0  0  0  0  0  0  0  0  0  0  0  0  0  0  0  0  0  0  0  0  0  0  0  0  0  0  0  0  0  0  0  0  0  0  0  0  0  0  0  0  0  0  0  4.34869  0  0  0  0  0  0  0  0  0  0  0  0  0  0  0  0  0  0  0  0  2.50224  0  1.22047  0  0  0  0  0  2.76376  2.56661  0  0  0  0  0  
0  0  0  0  0  0  0  0  0  0  0  0  0  0  0  0  0  0  0  0  0  0  0  0  0  0  0  0  0  0  0  0  0  0  0  0  0  0  0  0  0  0  0  0  0  0  0  0  0  0  4.96123  0  0  4.01917  0  0  0  0  3.98911  0  0  0  1.04766  0  2.5706  1.67339  0  0  0  0  0  0  0  2.04286  0  0  3.81995  0  0  0  4.62825  0  0  0  0  0  1.34954  1.69121  0  0  
0  0  0  0  0  0  0  0  0  0  0  0  0  0  0  0  0  0  0  0  0  0  0  0  0  0  0  0  0  0  0  0  0  0  0  0  0  0  0  0  0  0  0  0  0  0  0  0  0  0  0  0  0  4.06867  0  0  2.11663  0  1.06141  0  1.13593  2.41644  4.05955  0  0  3.67276  0  0  0  0  0  4.98798  0  3.46616  0  0  4.64264  0  0  0  0  0  4.20434  0  0  0  0  0  0  0  
0  0  0  0  0  0  0  0  0  0  0  0  0  0  0  0  0  0  0  0  0  0  0  0  0  0  0  0  0  0  0  0  0  0  0  0  0  0  0  0  0  0  0  0  0  0  0  0  0  0  0  0  1.13554  0  0  0  0  0  0  0  0  0  0  4.22336  0  0  0  0  4.89251  0  0  0  4.66399  0  0  0  0  0  0  0  0  0  0  0  4.61235  0  0  0  4.81611  0  
0  0  0  0  0  0  0  0  0  0  0  0  0  0  0  0  0  0  0  0  0  0  0  0  0  0  0  0  0  0  0  0  0  0  0  0  0  0  0  0  0  0  0  0  0  0  0  0  0  0  0  0  0  0  0  0  0  0  0  0  0  0  0  4.71907  0  0  0  0  0  0  0  0  0  0  0  0  0  0  0  0  0  0  0  0  0  0  0  0  4.84515  0  
0  0  0  0  0  0  0  0  0  0  0  0  0  0  0  0  0  0  0  0  0  0  0  0  0  0  0  0  0  0  0  0  0  0  0  0  0  0  0  0  0  0  0  0  0  0  0  0  0  0  0  0  0  0  0  0  0  0  3.34258  0  0  0  3.12082  0  2.38486  4.06142  0  0  0  0  0  0  0  2.21027  0  0  0  0  0  0  0  0  0  0  0  0  2.93578  0  0  0  
0  0  0  0  0  0  0  0  0  0  0  0  0  0  0  0  0  0  0  0  0  0  0  0  0  0  0  0  0  0  0  0  0  0  0  0  0  0  0  0  0  0  0  0  0  0  0  0  0  0  0  0  0  0  0  0  0  0  0  0  0  0  0  0  0  0  0  0  0  4.77874  0  0  0  0  0  3.44529  0  0  0  0  0  0  0  4.09679  0  3.02233  0  0  0  3.83937  
0  0  0  0  0  0  0  0  0  0  0  0  0  0  0  0  0  0  0  0  0  0  0  0  0  0  0  0  0  0  0  0  0  0  0  0  0  0  0  0  0  0  0  0  0  0  0  0  0  0  0  0  0  0  0  0  0  0  0  4.17309  0  0  0  0  0  0  0  0  0  0  2.41771  0  0  0  0  0  0  0  4.48343  3.00854  0  0  0  0  0  0  0  0  0  3.62461  
0  0  0  0  0  0  0  0  0  0  0  0  0  0  0  0  0  0  0  0  0  0  0  0  0  0  0  0  0  0  0  0  0  0  0  0  0  0  0  0  0  0  0  0  0  0  0  0  0  0  0  0  0  0  0  0  0  0  2.97701  0  0.97497  0.582565  0  0  0  4.79957  3.96366  0  0  0  0  2.92917  0  0  3.75774  0  4.61379  0  0  0  0  0  3.55092  0  0  0  0  0  0  0  
0  0  0  0  0  0  0  0  0  0  0  0  0  0  0  0  0  0  0  0  0  0  0  0  0  0  0  0  0  0  0  0  0  0  0  0  0  0  0  0  0  0  0  0  0  0  0  0  0  0  0  0  0  0  0  0  0  0  0  0  0  0  0  0  0  0  0  0  0  0  0  0  0  0  3.87136  0  0  0  0  0  0  0.952506  4.00346  0  0  0  0  0  0  0  
0  0  0  0  0  0  0  0  0  0  0  0  0  0  0  0  0  0  0  0  0  0  0  0  0  0  0  0  0  0  0  0  0  0  0  0  0  0  0  0  0  0  0  0  0  0  0  0  0  0  0  0  0  0  0  0  0  0  0  0  2.03646  3.43888  3.05581  0  4.55084  2.71941  0  0  0  0  0  0  0  2.44306  0  0  4.23593  0  0  0  0  0  0  0  0  0  4.03502  4.57961  0  0  
0  0  0  0  0  0  0  0  0  0  0  0  0  0  0  0  0  0  0  0  0  0  0  0  0  0  0  0  0  0  0  0  0  0  0  0  0  0  0  0  0  0  0  0  0  0  0  0  0  0  0  0  0  0  0  0  0  0  0  0  0  0  0  0  0  0  3.4049  0  0  0  0  4.46718  0  0  4.47794  0  0  0  3.79982  1.4407  0  0  0  0  0  0  0  0  0  3.25533  
0  0  0  0  0  0  0  0  0  0  0  0  0  0  0  0  0  0  0  0  0  0  0  0  0  0  0  0  0  0  0  0  0  0  0  0  0  0  0  0  0  0  0  0  0  0  0  0  0  0  0  0  0  0  0  0  0  0  0  0  0  1.38367  4.86809  0  0  4.06259  4.80869  0  0  0  0  3.85927  0  4.39643  4.6366  0  4.4409  0  0  0  0  0  3.69357  0  0  0  0  0  0  0  
0  0  0  0  0  0  0  0  0  0  0  0  0  0  0  0  0  0  0  0  0  0  0  0  0  0  0  0  0  0  0  0  0  0  0  0  0  0  0  0  0  0  0  0  0  0  0  0  0  0  0  0  0  0  0  0  0  0  0  0  0  0  0  0  0  0  3.96392  0  0  0  0  2.88545  0  0  3.48927  0  0  0  0  0  0  0  2.95457  0  0  0  0  0  0  0  
0  0  0  0  0  0  0  0  0  0  0  0  0  0  0  0  0  0  0  0  0  0  0  0  0  0  0  0  0  0  0  0  0  0  0  0  0  0  0  0  0  0  0  0  0  0  0  0  0  0  0  0  0  0  0  0  0  0  0  0  0  0  0  0  2.29067  1.40803  0  0  0  0  0  0  0  1.00903  0  0  3.83113  0  0  0  0  0  0  0  0  0  1.18416  2.47662  0  0  
0  0  0  0  0  0  0  0  0  0  0  0  0  0  0  0  0  0  0  0  0  0  0  0  0  0  0  0  0  0  0  0  0  0  0  0  0  0  0  0  0  0  0  0  0  0  0  0  0  0  0  0  0  0  0  0  0  0  0  0  0  0  0  0  0  0  0  0  1.80122  0  0  0  0.621784  0  0  0  0  0  0  0  2.10612  0  0  0  0  0  0  0  0  0  
0  0  0  0  0  0  0  0  0  0  0  0  0  0  0  0  0  0  0  0  0  0  0  0  0  0  0  0  0  0  0  0  0  0  0  0  0  0  0  0  0  0  0  0  0  0  0  0  0  0  0  0  0  0  0  0  0  0  0  0  0  0  0  0  0  3.68197  0  0  0  0  0  0  0  2.18434  0  0  0  0  0  0  0  0  0  0  0  0  1.23452  4.29398  0  0  
0  0  0  0  0  0  0  0  0  0  0  0  0  0  0  0  0  0  0  0  0  0  0  0  0  0  0  0  0  0  0  0  0  0  0  0  0  0  0  0  0  0  0  0  0  0  0  0  0  0  0  0  0  0  0  0  0  0  0  0  0  0  0  0  0  0  0  0  0  0  0  0  0  1.94427  0  0  2.52082  0  0  0  0  0  0  0  0  0  2.55688  1.90453  0  0  
0  0  0  0  0  0  0  0  0  0  0  0  0  0  0  0  0  0  0  0  0  0  0  0  0  0  0  0  0  0  0  0  0  0  0  0  0  0  0  0  0  0  0  0  0  0  0  0  0  0  0  0  0  0  0  0  0  0  0  0  0  0  0  0  0  0  0  0  0  0  0  1.27569  0  0  2.18019  0  0  0  0  4.53593  0  0  0  0  0  0  0  0  0  0  
0  0  0  0  0  0  0  0  0  0  0  0  0  0  0  0  0  0  0  0  0  0  0  0  0  0  0  0  0  0  0  0  0  0  0  0  0  0  0  0  0  0  0  0  0  0  0  0  0  0  0  0  0  0  0  0  0  0  0  0  0  0  0  0  0  0  0  0  0  0  0  0  0  0  0  0  0  0  0  0  0  0  0  0  0  4.62197  0  0  3.65362  0  
0  0  0  0  0  0  0  0  0  0  0  0  0  0  0  0  0  0  0  0  0  0  0  0  0  0  0  0  0  0  0  0  0  0  0  0  0  0  0  0  0  0  0  0  0  0  0  0  0  0  0  0  0  0  0  0  0  0  0  0  0  0  0  0  0  0  0  0  0  0  0  0  1.853  0  0  0  0  0  0  0  3.00173  0  0  0  0  0  0  0  0  0  
0  0  0  0  0  0  0  0  0  0  0  0  0  0  0  0  0  0  0  0  0  0  0  0  0  0  0  0  0  0  0  0  0  0  0  0  0  0  0  0  0  0  0  0  0  0  0  0  0  0  0  0  0  0  0  0  0  0  0  0  0  0  0  0  0  0  0  0  0  0  0  0  0  0  0  0  0  0  0  0  0  0  0  0  0  1.99924  0  0  0  0  
0  0  0  0  0  0  0  0  0  0  0  0  0  0  0  0  0  0  0  0  0  0  0  0  0  0  0  0  0  0  0  0  0  0  0  0  0  0  0  0  0  0  0  0  0  0  0  0  0  0  0  0  0  0  0  0  0  0  0  0  0  0  0  0  0  0  0  0  0  0  0  0  0  0  0  0  0  0  0  0  0  0  0  0  0  0  0  0  0  0  
0  0  0  0  0  0  0  0  0  0  0  0  0  0  0  0  0  0  0  0  0  0  0  0  0  0  0  0  0  0  0  0  0  0  0  0  0  0  0  0  0  0  0  0  0  0  0  0  0  0  0  0  0  0  0  0  0  0  0  0  0  0  0  0  0  0  0  0  0  0  0  0  0  0  1.42708  0  0  0  0  0  0  0  0  0  0  0  0  0  0  0  
0  0  0  0  0  0  0  0  0  0  0  0  0  0  0  0  0  0  0  0  0  0  0  0  0  0  0  0  0  0  0  0  0  0  0  0  0  0  0  0  0  0  0  0  0  0  0  0  0  0  0  0  0  0  0  0  0  0  0  0  0  0  0  0  0  0  0  0  0  0  0  0  0  0  0  0  0  0  0  0  1.49204  0  0  0  0  0  0  0  0  0  
0  0  0  0  0  0  0  0  0  0  0  0  0  0  0  0  0  0  0  0  0  0  0  0  0  0  0  0  0  0  0  0  0  0  0  0  0  0  0  0  0  0  0  0  0  0  0  0  0  0  0  0  0  0  0  0  0  0  0  0  0  0  0  0  0  0  0  0  0  0  0  0  0  0  0  0  4.36837  0  0  0  0  0  0  0  0  0  1.6261  3.47644  0  0  
0  0  0  0  0  0  0  0  0  0  0  0  0  0  0  0  0  0  0  0  0  0  0  0  0  0  0  0  0  0  0  0  0  0  0  0  0  0  0  0  0  0  0  0  0  0  0  0  0  0  0  0  0  0  0  0  0  0  0  0  0  0  0  0  0  0  0  0  0  0  0  0  0  0  0  0  0  0  0  0  0  4.78435  4.82985  0  0  0  0  0  0  0  
0  0  0  0  0  0  0  0  0  0  0  0  0  0  0  0  0  0  0  0  0  0  0  0  0  0  0  0  0  0  0  0  0  0  0  0  0  0  0  0  0  0  0  0  0  0  0  0  0  0  0  0  0  0  0  0  0  0  0  0  0  0  0  0  0  0  0  0  0  0  0  0  0  0  0  0  0  2.23711  0  0  0  0  0  4.58735  1.94295  4.19278  0  0  0  0  
0  0  0  0  0  0  0  0  0  0  0  0  0  0  0  0  0  0  0  0  0  0  0  0  0  0  0  0  0  0  0  0  0  0  0  0  0  0  0  0  0  0  0  0  0  0  0  0  0  0  0  0  0  0  0  0  0  0  0  0  0  0  0  0  0  0  0  0  0  0  0  0  0  0  0  0  0  0  0  0  0  0  0  4.17201  0  0  4.90474  2.53373  0  0  
0  0  0  0  0  0  0  0  0  0  0  0  0  0  0  0  0  0  0  0  0  0  0  0  0  0  0  0  0  0  0  0  0  0  0  0  0  0  0  0  0  0  0  0  0  0  0  0  0  0  0  0  0  0  0  0  0  0  0  0  0  0  0  0  0  0  0  0  0  0  0  0  0  0  0  0  0  0  0  0  0  0  0  4.03082  1.40583  0  0  0  0  0  
0  0  0  0  0  0  0  0  0  0  0  0  0  0  0  0  0  0  0  0  0  0  0  0  0  0  0  0  0  0  0  0  0  0  0  0  0  0  0  0  0  0  0  0  0  0  0  0  0  0  0  0  0  0  0  0  0  0  0  0  0  0  0  0  0  0  0  0  0  0  0  0  0  0  0  0  0  0  0  4.14831  0  0  0  0  0  0  0  0  0  0  
0  0  0  0  0  0  0  0  0  0  0  0  0  0  0  0  0  0  0  0  0  0  0  0  0  0  0  0  0  0  0  0  0  0  0  0  0  0  0  0  0  0  0  0  0  0  0  0  0  0  0  0  0  0  0  0  0  0  0  0  0  0  0  0  0  0  0  0  0  0  0  0  0  0  0  0  0  0  0  0  0  0  0  0  0  0  0  0  0  2.15737  
0  0  0  0  0  0  0  0  0  0  0  0  0  0  0  0  0  0  0  0  0  0  0  0  0  0  0  0  0  0  0  0  0  0  0  0  0  0  0  0  0  0  0  0  0  0  0  0  0  0  0  0  0  0  0  0  0  0  0  0  0  0  0  0  0  0  0  0  0  0  0  0  0  0  0  0  0  0  0  0  0  0  0  0  0  0  0  4.05052  0  0  
0  0  0  0  0  0  0  0  0  0  0  0  0  0  0  0  0  0  0  0  0  0  0  0  0  0  0  0  0  0  0  0  0  0  0  0  0  0  0  0  0  0  0  0  0  0  0  0  0  0  0  0  0  0  0  0  0  0  0  0  0  0  0  0  0  0  0  0  0  0  0  0  0  0  0  0  0  0  0  0  0  0  4.50783  0  0  0  0  0  0  0  
0  0  0  0  0  0  0  0  0  0  0  0  0  0  0  0  0  0  0  0  0  0  0  0  0  0  0  0  0  0  0  0  0  0  0  0  0  0  0  0  0  0  0  0  0  0  0  0  0  0  0  0  0  0  0  0  0  0  0  0  0  0  0  0  0  0  0  0  0  0  0  0  0  0  0  0  0  0  0  0  0  0  0  0  0  0  0  0  0  0  
0  0  0  0  0  0  0  0  0  0  0  0  0  0  0  0  0  0  0  0  0  0  0  0  0  0  0  0  0  0  0  0  0  0  0  0  0  0  0  0  0  0  0  0  0  0  0  0  0  0  0  0  0  0  0  0  0  0  0  0  0  0  0  0  0  0  0  0  0  0  0  0  0  0  0  0  0  0  0  0  0  0  0  0  0  0  0  0  0  3.65041  
0  0  0  0  0  0  0  0  0  0  0  0  0  0  0  0  0  0  0  0  0  0  0  0  0  0  0  0  0  0  0  0  0  0  0  0  0  0  0  0  0  0  0  0  0  0  0  0  0  0  0  0  0  0  0  0  0  0  0  0  0  0  0  0  0  0  0  0  0  0  0  0  0  0  0  0  0  0  0  0  0  0  0  0  0  0  0  0  0  0  
0  0  0  0  0  0  0  0  0  0  0  0  0  0  0  0  0  0  0  0  0  0  0  0  0  0  0  0  0  0  0  0  0  0  0  0  0  0  0  0  0  0  0  0  0  0  0  0  0  0  0  0  0  0  0  0  0  0  0  0  0  0  0  0  0  0  0  0  0  0  0  0  0  0  0  0  0  0  0  0  0  0  0  0  0  0  0  0  0  0  
0  0  0  0  0  0  0  0  0  0  0  0  0  0  0  0  0  0  0  0  0  0  0  0  0  0  0  0  0  0  0  0  0  0  0  0  0  0  0  0  0  0  0  0  0  0  0  0  0  0  0  0  0  0  0  0  0  0  0  0  0  0  0  0  0  0  0  0  0  0  0  0  0  0  0  0  0  0  0  0  0  0  0  0  0  0  0  3.0977  0  0  
0  0  0  0  0  0  0  0  0  0  0  0  0  0  0  0  0  0  0  0  0  0  0  0  0  0  0  0  0  0  0  0  0  0  0  0  0  0  0  0  0  0  0  0  0  0  0  0  0  0  0  0  0  0  0  0  0  0  0  0  0  0  0  0  0  0  0  0  0  0  0  0  0  0  0  0  0  0  0  0  0  0  0  0  0  0  0  0  0  0  
0  0  0  0  0  0  0  0  0  0  0  0  0  0  0  0  0  0  0  0  0  0  0  0  0  0  0  0  0  0  0  0  0  0  0  0  0  0  0  0  0  0  0  0  0  0  0  0  0  0  0  0  0  0  0  0  0  0  0  0  0  0  0  0  0  0  0  0  0  0  0  0  0  0  0  0  0  0  0  0  0  0  0  0  0  0  0  0  0  0  
0  0  0  0  0  0  0  0  0  0  0  0  0  0  0  0  0  0  0  0  0  0  0  0  0  0  0  0  0  0  0  0  0  0  0  0  0  0  0  0  0  0  0  0  0  0  0  0  0  0  0  0  0  0  0  0  0  0  0  0  0  0  0  0  0  0  0  0  0  0  0  0  0  0  0  0  0  0  0  0  0  0  0  0  0  0  0  0  0  0  
