0  0  0  0  0  0  0  0  0  0  0  0  0  0  0  0  0  0  0  0  0  2.5495  0  0  0  0  0  0  0  0  0  0  0  0  1.06432  0  0  0  0  0  0  0  0  0  0  0  0  0  0  0  0  0  0  0  0  3.04979  0  0  0  0  0  0  0  0  0  0  0  0  0  0  2.10731  0  0  0  0  0  0  0  0  0  0  0  0  0  0  0  0  0  0  0  
0  0  4.37807  0  0  0  0  0  0  5.49338  0  0  0  0  0  0  0  0  0  0  0  0  0  0  3.07059  0  0  0  0  0  0.95637  0  0  0  0  0  3.393  0  0  0  0  0  0  0  3.3808  0.917898  2.10338  0  3.90922  0  0  3.92864  0  0  0  0  0  0  0  0  0  0  0  1.95006  0  0  0  0  3.70592  0  0  0  2.09421  0  0  0  0  4.08645  0  0  2.92684  0  0  0  3.37079  0  0  0  0  0  
3.56879  1.51928  0  0  0  0  0  0  2.4713  0  1.45409  0  0  2.76271  0  0  1.45502  0  0  0  0  0  0  3.69388  0  0  0  4.73594  0  0  0  0  0.476897  0  0  0  0  0  0  0  3.66483  0  0  0  0  0  0  0  0  3.70851  0  0  0  1.16076  0  0  0  0  3.94301  0  0  0  3.16863  0  1.0339  3.88234  0  0  0  0  0  0  0  2.40003  0  0  0  0  0  0  0  0  0  0  0  0  2.50549  0  0  0  
0  0  0  0  0  0  0  0  0  0  0  0  0  0  0  0  0  0  0  0  0  0  3.40488  0  5.63245  0  3.05164  0  0  2.55886  0  0  0  0  0  0  3.47515  0  0  0  0  0  0.944909  0  1.64776  4.43263  2.90668  0  0  0  0  0.79336  0.282908  0  0  0  0  0  0  0  0  0  0  5.03857  0  0  0  0  0  0  0  0  0  0  0  0  0  0  0  0  0  0  0  0  0  0  0  0  4.77466  0  
0  0  0  0  0  0  0  0  0  0  0  0  0  0  0  0  0  0  0  0  0  2.47569  0  0  0  0  0  0  0  0  0  0  0  0  1.872  0  0  0  5.18266  0  0  2.55556  0  0  0  0  0  2.39434  0  0  0  0  0  0  0  1.65856  0  0  0  0  0  0  0  0  0  0  0  0  0  0  0.766978  0  0  0  0  0  0  0  0  4.52617  0  0  0  0  0  0  0  0  0  3.97499  
0  0  0  0  0  0  0  0  0  0  0  0  0  0  0  0  0  0  0  0  0  0  1.44879  0  0  0  2.42962  0  0  2.99292  0  2.80592  0  0  0  1.45563  4.56665  0  0  0  0  0  0  0  4.79857  0  0  0  0  0  0  0  0  0  0  0  0  0  0  0  0  0  0  0  0  0  0  2.85402  0  0  0  0  0  0  0  0  0  0  0  0  0  0  0  0  0  0  0  0  0.521207  0  
0  0  0  5.58032  0  0  0  0  0  0  0  0  0  0  0  0  0  0  0  0  0  0  1.47578  0  0  0  1.80043  0  0  2.45076  0  1.78172  0  0  0  0.91162  3.44416  0  0  0  0  0  0  0  4.15231  0  0  0  0  0  0  5.51391  0  0  0  0  0  0  0  0  0  0  0  0  0  0  0  2.47583  0  0  0  0  0  0  0  0  0  0  0  0  0  0  0  0  5.35557  0  0  0  1.90286  0  
0  0  3.53067  0  0  1.5699  4.34021  2.38403  0  4.76695  0  0.87775  1.95033  0  2.7055  3.74235  0  0  4.03203  0  0  0  0  0  0  5.24001  0  0  0  0  0  0  0  5.13091  0  0  0  0  0  4.85287  0  0  0  1.24686  0  0  0  0  0  0  4.43276  0  0  0  0  0  4.28716  0  4.62255  0  4.37342  4.84473  0  0  0  3.7209  3.32729  0  0  0  0  3.49504  0  0  0  0  1.65586  0  0  0  0  0  0  4.25778  0  0  0  3.55069  0  0  
0  0  1.80474  0  0  2.43957  4.3555  4.54754  0  2.46186  0  1.29749  1.2898  4.83753  4.20058  3.97401  0  0  4.07098  0  0  0  0  0  0  0  0  0  0  0  0  0  0  0  0  0  0  0  0  0  0  0  0  0.796616  0  0  0  0  5.1234  3.85569  4.66644  0  0  0  0  0  5.06753  0  3.62948  0  4.92924  0  4.01719  0  0  2.43788  0  0  0  0  0  0  0  5.14062  0  0  0.18563  0  0  0  0  0  0  4.03178  0  0  5.57204  2.60067  0  0  
0  0  4.58636  4.00674  0  0  0  0  0  0  0  0  0  0  0  1.80595  0  0  3.02848  0  0  0  0  0  0  3.96414  0  0  0  0  4.11936  0  0  3.78303  0  0  3.9335  0  0  4.88248  0  0  0  0  0  3.67426  4.61428  0  0.543967  0  0  0  0  0  4.85563  0  0  0  0  0  0  0  0  0  0  0  0  0  0  0  0  0  0  0  0  2.59889  0  0.792903  0  0  0  0  0  3.63756  2.24671  0  0  0  0  0  
0  2.92474  4.27945  0  3.60481  0  0  0  1.22703  3.77367  3.76296  0  0  0  0  0  0  2.92522  0  0  0  0  0  3.08319  0  0  0  0  0  0  0  0  4.61762  0  0  0  0  0  0  0  4.07306  0  0  0  0  0  0  0  0  3.03357  0  0  0  5.62228  0  0  0  0  0  0  0  0  3.42603  0  2.80846  4.72724  0  0  0  0  0  0  0  4.56676  0  0  0  0  0  0  4.02413  0  0  0  0  0  2.92291  3.49513  0  0  
0  0  0  0  0  0  0  0  1.81227  4.29724  1.90059  0  0  3.55369  0  0  2.89728  0  0  0  0  0  0  2.81559  0  0  0  4.40797  0  0  0  0  1.68089  0  0  0  0  0  0  0  3.76665  0  0  0  0  0  0  0  0  2.73603  0  0  0  1.94195  0  0  0  0  3.96756  0  0  0  2.0995  0  0.159888  3.01184  0  0  0  0  0  0  0  2.12649  0  0  0  0  0  0  0  0  0  0  0  0  1.06483  4.16391  0  0  
0  0  0  0  0  3.65031  0  0  3.82247  1.24898  0  3.31215  2.96098  0  0  4.6997  0  0  0  0  0  0  0  0  0  0  0  0  0  0  3.66197  0  0  0  0  0  0  0  0  0  0  0  0  2.97827  0  0  0  0  3.83849  2.80107  0  0  0  0  0  0  0  0  0  0  0  0  3.83567  0  0  2.12031  0  0  0  0  0  0  0  4.22457  0  0  2.13586  5.28242  0  0  4.19469  0  0  5.72257  0  0  4.7365  1.28042  0  0  
0  0  0  0  0  0  0  0  0  0  0  0  0  0  0  5.38933  0  0  0  4.33542  4.50708  0  0  0  0  4.49552  0  0  0  0  0  4.82319  0  4.52582  0  0  4.19681  0  0  0  0  0  0  0  0  0  0  0  3.63862  0  0  0  0  0  3.40958  0  0  0  0  0  0  0  0  0  0  0  0  4.92041  0  5.12033  0  0  0  0  0  1.81035  0  3.91739  0  0  0  0  0  0  2.65255  3.01148  0  0  0  0  
0  0  0  0  0  0  0  0  0  0  0  0  0  0  0  0  0  0.603693  0  0  0  0  0  0  2.76541  0  0  0  0  0  4.65857  0  0  0  0  0  0  0  0  0  0  0  0  0  0  0  0  0  0  0  0  0  0  0  0  0  0  0  0  0  0  0  0  3.57669  0  0  0  0  2.56755  0  0  0  2.88271  0  0  0  0  0  0  0  3.16864  0  0  0  0  0  0  0  0  0  
0  0  0  0  0  0  2.40116  3.7506  0  3.67273  0  1.24108  1.22197  4.32287  3.22167  0  0  0  0  0  0  0  0  0  0  0  0  0  5.09479  0  0  0  0  0  0  0  0  0  0  0  0  0  0  1.51699  0  0  0  0  0  4.15408  2.53076  0  0  0  0  0  2.71886  0  3.02927  0  2.83983  2.9847  4.70449  0  0  2.91813  4.23317  0  0  0  0  3.40612  0  4.10806  0  0  1.95342  0  0  0  0  0  0  0  0  0  0  4.57269  0  0  
0  0  0  0  0  0  0  0  0  0  0  3.41992  3.19053  3.11375  4.56095  0  0  0  0  0  0  0  0  0  0  0  0  0  2.66558  0  0  0  0  0  0  0  0  4.54777  0  0  0  0  0  3.79036  0  0  0  0  0  0  1.16622  0  0  0  0  0  0.992876  0  2.24645  0  0.106427  1.50873  4.27495  0  0  3.45141  3.20836  0  0  0  0  3.50477  0  4.48911  3.93491  0  4.95356  0  0  0  0  0  3.92454  0  0  0  0  0  0  0  
0  0  0  0  0  0  0  0  0  0  0  4.75606  3.64142  0  1.39882  0  0  0  4.94326  0  0  0  0  0  0  4.95586  0  0  0  0  0  0  0  4.16372  0  0  0  4.20809  0  3.78444  0  0  0  3.76746  0  0  0  0  0  0  0  0  0  0  0  0  4.71496  0  0  3.60344  0  4.93941  0  0  0  0  1.1392  0  0  0  0  2.85005  0  0  3.4062  0  4.39299  0  0  4.19889  0  0  0  3.07916  0  0  0  0  0  3.35491  
0  0  0  0  0  0  0  0  0  3.87542  2.71293  0  0  3.61849  0  0  4.32751  4.47982  0  0  0  0  0  3.35515  0  0  0  0  0  0  0  0  3.03162  0  0  0  0  0  0  0  5.36287  0  0  0  0  0  0  0  0  1.99509  0  0  0  3.80455  0  0  0  0  0  0  0  0  2.51717  0  1.32337  4.01002  0  0  0  0  0  0  0  2.99418  0  0  0  0  0  0  5.18185  0  0  0  0  0  0.988996  3.2087  0  0  
0  0  0  0  0  0  0  0  0  0  0  4.20412  3.53232  5.13552  0  0  0  0  0  0  0  0  0  0  0  0  0  0  0  0  3.50491  0  0  0  0  0  0  0  0  0  0  0  0  3.34023  0  0  0  0  0  1.84615  0  0  0  0  0  0  0  0  0  0  0  0  2.59481  0  4.30287  2.28283  0  0  0  0  0  0  4.63353  3.56991  0  0  2.39695  0  0  0  3.29313  0  0  0  0  0  3.62656  0.425029  0  0  
0  0  0  0  0  0  0  0  0  0  0  0  0  4.40769  0  0  1.8568  0  0  0  0  0  0  1.73896  0  0  0  3.04976  0  0  0  0  1.60626  0  0  0  0  0  0  0  2.13978  0  0  0  0  0  0  0  0  4.76098  0  0  0  3.04333  0  0  0  0  0  0  0  0  4.48394  0  2.06287  0  0  0  0  0  0  0  0  3.60687  0  0  0  0  0  0  0  0  0  0  0  0  2.83601  0  0  0  
0  0  0  0  0  0  0  0  0  0  0  0  0.918229  4.06577  3.49715  4.9766  0  0  0  0  0  0  0  0  0  0  0  0  0  0  0  0  0  0  0  0  0  0  0  0  0  0  0  0.391626  0  0  0  0  0  5.01735  4.38633  0  0  0  0  0  4.00175  0  3.44648  0  3.93222  4.76263  4.29139  0  0  2.78432  4.88705  0  0  0  0  4.30433  0  4.38605  0  0  1.03122  0  0  0  0  0  0  4.6044  0  0  0  3.11582  0  0  
0  0  0  0  0  0  0  0  0  0  0  0  0  3.6875  4.28943  0  0  0  0  0  0  0  0  0  0  0  0  0  0  0  0  0  0  0  0  0  0  0  0  0  0  0  0  0.936068  0  0  0  0  0  3.40212  3.02394  0  0  0  0  0  3.52643  0  3.33026  0  2.62972  4.14016  3.27929  0  0  1.94656  5.60065  0  0  0  0  4.09888  0  4.09703  0  0  1.44925  0  0  0  0  0  0  0  0  0  4.35314  3.09877  0  0  
0  0  0  0  0  0  0  0  0  0  0  0  0  0  0  0  3.62516  0  0  0  0  0  0  0  0  0  0  0  5.08194  0  0  0  3.63497  0  0  0  0  0  0  0  0  0  0  4.4067  0  0  0  0  0  3.75546  2.42464  0  0  2.13967  0  0  4.42037  0  0.924183  0  3.12645  5.00575  2.59209  0  2.97677  2.16164  0  0  0  0  0  0  0  1.44197  0  0  3.89327  0  0  0  0  0  0  0  0  0  3.22155  4.29265  0  0  
0  0  0  0  0  0  0  0  0  0  0  0  0  0  0  0  0  0  0  0  0  0  0  0  0  0  0  0  0  0  0  0  0  0  0  0  0  3.46862  0  0  0  0  0  5.41383  0  0  0  0  0  0  0  0  0  0  0  0  3.31363  0  0  3.94741  4.3342  3.62067  0  0  0  0  0.715985  0  0  0  0  1.0923  0  0  2.21344  0  4.86729  0  0  0  0  0  0  0  0  0  0  0  0  0  
0  0  0  0  0  0  0  0  0  0  0  0  0  0  0  0  0  0  1.0441  0  0  0  0  0  0  2.28671  0  0  0  0  0  0  0  2.17156  0  0  0  0  0  2.89857  0  0  0  4.46382  0  0  0  0  1.7683  0  0  0  0  0  4.03187  0  0  0  0  0  0  0  0  0  0  0  0  0  0  0  0  0  0  0  0  3.41644  4.18697  2.994  0  0  0  0  0  1.1419  3.84522  0  0  0  0  4.3491  
0  0  0  0  0  0  0  0  0  0  0  0  0  0  0  0  0  0  0  0  0  0  0  4.42035  0  0  0  4.05245  0  0  0  0  1.09641  0  0  0  0  0  0  0  3.19681  0  0  0  0  0  0  0  0  5.20013  0  0  0  1.55358  0  0  0  0  4.63263  0  0  0  4.85413  0  2.50676  0  0  0  0  0  0  0  0  3.84083  0  0  0  0  0  0  0  0  0  0  0  0  3.50537  0  0  0  
0  0  0  0  0  0  0  0  0  0  0  0  0  0  0  0  0  0  0  0  0  0  0  0  2.46253  0  0  0  0  0  5.71718  0  0  0  0  0  0  0  0  0  0  0  0  0  0  0  0  0  0  0  0  0  0  0  0  0  0  0  0  0  0  0  0  3.94866  0  0  0  0  3.16682  0  0  0  3.24411  0  0  0  0  0  0  0  3.36554  0  0  0  0  0  0  0  0  0  
0  0  0  0  0  0  0  0  0  0  0  0  0  0  0  0  0  0  0  0  0  0  0  0  0  0.865997  0  0  0  0  0  0  0  0.848788  0  0  0  0  0  1.6755  0  0  0  0  0  0  0  0  2.96344  0  0  0  0  0  3.56666  0  0  0  0  0  0  0  0  0  0  0  0  0  0  0  0  0  0  0  0  4.18709  4.88194  3.23058  0  0  0  0  0  0.721228  5.59933  0  0  0  0  3.23389  
0  0  0  0  0  0  0  0  0  0  0  0  0  0  0  0  0  0  0  0  2.92381  0  0  0  0  0  0  0  0  0  0  0  0  0  0  0  0  0  0.708143  0  0  0  0  0  0  0  0  0  0  0  0  0  0  0  3.37496  0  0  0  0  0  0  0  0  0  0  0  0  0  0  1.60153  0  0  0  0  0  0  0  0  0  0  0  0  0  0  0  1.85245  0  0  0  0  
0  0  0  0  0  0  0  0  0  0  0  0  0  0  0  0  0  0  0  0  0  0  0  0  0  0  0  0  0  0  0  4.47496  0  0  0  0  0  0  3.61148  0  0  0  0  0  0  0  0  0  0  0  0  0  0  0  0  0  0  0  0  0  0  0  0  0  0  0  0  4.51396  0  1.21463  0  0  0  0  0  0  0  0  0  0  0  0  0  0  0  2.25778  0  0  0  0  
0  0  0  0  0  0  0  0  0  0  0  0  0  0  0  0  0  0  0  0  0  0  0  0  0  0  0  0  0  0  0  0  0  0  1.49852  0  0  0  4.2099  0  0  0  0  0  0  0  0  4.41542  0  0  0  0  0  0  0  4.02524  0  0  0  0  0  0  0  0  0  0  0  0  0  0  1.64144  0  0  0  0  0  0  0  0  0  0  0  0  0  0  0  0  0  0  0  
0  0  0  0  0  0  0  0  0  0  0  0  0  0  0  0  0  0  0  0  0  0  0  0  0  0  0.87718  0  0  1.88666  0  3.7164  0  0  0  2.37614  3.50321  0  0  0  0  0  4.27604  0  3.71181  0  0  0  0  0  0  3.5289  3.35358  0  0  0  0  0  0  0  0  0  0  0  0  0  0  4.58203  0  0  0  0  0  0  0  0  0  0  0  0  0  0  0  0  0  0  0  0  1.33731  0  
0  0  0  0  0  0  0  0  0  0  0  0  0  0  0  0  0  0  0  0  0  0  0  0  0  0  0  1.93517  0  0  0  0  3.03378  0  0  0  0  0  0  0  1.17718  0  0  0  0  0  0  0  0  0  0  0  0  4.22097  0  0  0  0  0  0  0  0  0  0  3.15774  0  0  0  0  0  0  0  0  0  0  0  0  0  0  0  0  0  0  0  0  0  3.96345  0  0  0  
0  0  0  0  0  0  0  0  0  0  0  0  0  0  0  0  0  0  0  0  0  0  0  0  0  0  0  0  0  0  2.76509  0  0  0  0  0  0  0  0  0  0  0  4.50821  0  5.53218  4.08283  3.10959  0  0  0  0  5.47743  0  0  0  0  0  0  0  0  0  0  0  1.18176  0  0  0  0  0.880059  0  0  0  1.11599  0  0  0  0  0  0  0  2.59229  0  0  0  0  0  0  0  0  0  
0  0  0  0  0  0  0  0  0  0  0  0  0  0  0  0  0  0  0  0  0  0  0  0  0  0  0  0  0  0  0  0  0  0.105567  0  0  0  0  0  1.22095  0  0  0  0  0  0  0  4.34147  3.08539  0  0  0  0  0  2.92142  0  0  0  0  0  0  0  0  0  0  0  0  0  0  0  0  0  0  0  0  4.16124  0  4.25471  0  5.06002  0  0  0  1.47405  0  0  0  0  0  2.82023  
0  0  0  0  0  0  0  0  0  0  0  0  0  0  0  0  0  0  0  0  0  0  0  0  0  0  0  0  0  1.00469  0  4.17683  0  0  0  3.0011  3.00737  0  0  0  0  0  3.18769  0  2.32494  0  3.85986  0  0  0  0  2.44032  3.12277  0  0  0  0  0  0  0  0  0  0  0  0  0  0  5.35864  0  0  0  0  0  0  0  0  0  0  0  0  0  0  0  0  3.17289  0  0  0  1.98996  0  
0  0  0  0  0  0  0  0  0  0  0  0  0  0  0  0  0  0  0  0  0  0  0  0  0  0  0  0  0  0  0  0  4.31568  0  0  0  0  0  0  0  1.01981  0  0  0  0  0  0  0  0  0  0  0  0  0  0  0  0  0  0  0  0  0  0  0  4.27132  0  0  0  0  0  0  0  0  0  0  0  0  0  0  0  0  0  0  0  0  0  0  0  0  0  
0  0  0  0  0  0  0  0  0  0  0  0  0  0  0  0  0  0  0  0  0  0  0  0  0  0  0  0  0  0  0  0  0  0  0  0  0  3.71573  0  0  0  0  0  0  0  0  0  0  0  0  2.98722  0  0  0  0  0  2.60306  4.71604  3.90293  0  2.14005  1.66317  0  0  0  0  0  0  0  0  0  4.7724  0  0  4.63329  0  0  0  0  0  0  0  1.51587  0  0  0  0  0  0  0  
0  0  0  0  0  0  0  0  0  0  0  0  0  0  0  0  0  0  0  0  0  0  0  0  0  0  0  0  0  0  0  2.83281  0  0  0  2.59838  1.82354  0  0  0  0  0  3.27954  0  2.01994  4.58053  3.11123  0  0  0  0  2.81894  3.28244  0  0  0  0  0  0  0  0  0  0  0  0  0  0  3.79649  0  0  0  0  0  0  0  5.32377  0  0  0  0  0  0  0  0  3.33173  0  0  0  2.31899  0  
0  0  0  0  0  0  0  0  0  0  0  0  0  0  0  0  0  0  0  0  0  0  0  0  0  0  0  0  0  0  0  0  0  0  0  0  3.95798  0  0  0  0  0  0  0  5.04299  1.89862  2.70307  0  5.22709  0  0  5.0638  0  0  0  0  0  0  0  0  0  0  0  1.62554  0  0  0  0  3.25223  0  0  0  1.33674  0  0  0  0  3.64078  0  0  1.88553  0  0  0  5.06852  0  0  5.94228  0  0  
0  0  0  0  0  0  0  0  0  0  0  0  0  0  0  0  0  0  0  0  0  0  0  0  0  0  0  0  0  0  0  0  0  0  0  1.50664  4.28555  0  0  0  0  0  0  0  0  0  0  0  0  0  0  0  0  0  0  0  0  0  0  0  0  0  0  0  0  0  0  0.814987  0  0  0  0  0  0  0  5.13039  0  0  0  0  0  0  0  0  0  4.81383  0  0  3.62388  0  
0  0  0  0  0  0  0  0  0  0  0  0  0  0  0  0  0  0  0  0  0  0  0  0  0  0  0  0  0  0  0  0  0  0  0  0  0  0  0  0  3.6495  0  0  0  0  0  0  0  0  4.46974  0  0  0  1.40421  0  0  0  0  4.22345  0  0  0  3.80021  0  2.0134  4.12669  0  0  0  0  0  0  0  2.58105  0  0  0  0  0  0  0  0  0  0  0  0  2.93955  0  0  0  
0  0  0  0  0  0  0  0  0  0  0  0  0  0  0  0  0  0  0  0  0  0  0  0  0  0  0  0  0  0  0  0  0  0  0  0  0  0  0  1.55208  0  0  0  0  0  0  0  4.33242  3.20919  0  0  0  0  0  2.74936  0  0  0  0  0  0  0  0  0  0  0  0  0  0  0  0  0  0  0  0  4.16654  0  4.64963  0  4.30475  0  0  0  1.49359  0  0  0  0  0  2.30725  
0  0  0  0  0  0  0  0  0  0  0  0  0  0  0  0  0  0  0  0  0  0  0  0  0  0  0  0  0  0  0  0  0  0  0  0  0  0  0  0  0  5.14888  0  0  0  0  0  4.8526  0  0  0  0  0  0  0  3.28725  0  0  0  0  0  0  0  0  0  0  0  0  0  0  1.26313  0  0  0  0  0  0  0  0  0  0  0  0  0  0  0  0  0  0  0  
0  0  0  0  0  0  0  0  0  0  0  0  0  0  0  0  0  0  0  0  0  0  0  0  0  0  0  0  0  0  0  0  0  0  0  0  5.07484  0  0  0  0  0  0  0  5.10178  0  0  0  0  0  0  0  0  0  0  0  0  0  0  0  0  0  0  0  0  0  0  2.26683  0  0  0  0  0  0  0  0  0  0  0  0  0  0  0  0  0  0  0  0  1.56576  0  
0  0  0  0  0  0  0  0  0  0  0  0  0  0  0  0  0  0  0  0  0  0  0  0  0  0  0  0  0  0  0  0  0  0  0  0  0  0  0  0  0  0  5.15578  0  2.01256  2.48123  2.77427  0  3.83819  0  0  3.44206  4.1251  0  0  0  0  0  0  0  0  0  0  4.33054  0  0  0  0  0  0  0  0  0  0  0  2.48287  0  2.79936  0  0  0  0  0  0  1.6354  0  0  0  5.04579  0  
0  0  0  0  0  0  0  0  0  0  0  0  0  0  0  0  0  0  0  0  0  0  0  0  0  0  0  0  0  0  0  0  0  0  0  0  0  0  0  0  0  0  0  0  0  0  0  0  0  0  0  0  0  0  0  0  3.55883  2.43466  0  0  3.5112  2.64495  0  0  0  0  3.71443  0  0  0  0  2.48104  0  0  1.70599  0  0  0  0  0  0  4.04166  3.80877  0  0  0  0  0  0  0  
0  0  0  0  0  0  0  0  0  0  0  0  0  0  0  0  0  0  0  0  0  0  0  0  0  0  0  0  0  0  0  0  0  0  0  0  0  0  0  0  0  0  0  0  0  0  0  0  0  0  0  0  0  0  3.93835  0  0  0  0  0  0  0  0  0  0  0  0  0  0  2.33557  4.91121  0  0  0  0  0  0  0  0  0  0  0  0  0  0  2.64054  0  0  0  0  
0  0  0  0  0  0  0  0  0  0  0  0  0  0  0  0  0  0  0  0  0  0  0  0  0  0  0  0  0  0  0  0  0  0  0  0  0  0  0  0  0  3.98178  0  0  0  0  0  3.30672  4.84651  0  0  0  0  0  3.44108  0  0  0  0  4.5934  0  0  0  0  0  0  0  0  0  0  0  0  0  0  0  0  0  0  0  3.39095  0  0  0  2.67126  0  0  0  0  0  1.58016  
0  0  0  0  0  0  0  0  0  0  0  0  0  0  0  0  0  0  0  0  0  0  0  0  0  0  0  0  0  0  0  0  0  0  0  0  0  0  0  0  0  0  0  0  0  0  0  0  0  0  0  0  0  4.51995  0  0  0  0  0  0  0  0  0  0  3.96577  0  0  0  0  0  0  0  0  0  0  0  0  0  0  0  0  0  0  0  0  0  4.19545  0  0  0  
0  0  0  0  0  0  0  0  0  0  0  0  0  0  0  0  0  0  0  0  0  0  0  0  0  0  0  0  0  0  0  0  0  0  0  0  0  0  0  0  0  0  0  0  0  0  0  0.950413  0  0  0  0  0  0  0  1.55749  0  0  0  3.42887  0  0  0  0  0  0  0  0  0  0  3.55823  0  0  0  0  0  0  0  3.99352  1.39251  0  0  0  0  0  0  0  0  0  1.80396  
0  0  0  0  0  0  0  0  0  0  0  0  0  0  0  0  0  0  0  0  0  0  0  0  0  0  0  0  0  0  0  0  0  0  0  0  0  0  0  0  0  0  0  0  2.29125  4.71764  3.56379  0  0  0  0  1.55683  0.667546  0  0  0  0  0  0  0  0  0  0  4.80041  0  0  0  0  4.16671  0  0  0  0  0  0  0  0  0  0  0  0  0  0  0  0  0  0  0  0  0  
0  0  0  0  0  0  0  0  0  0  0  0  0  0  0  0  0  0  0  0  0  0  0  0  0  0  0  0  0  0  0  0  0  0  0  0  0  0  0  0  0  0  0  0  0  0  0  0  0  4.45114  4.02339  0  0  0  0  0  3.78934  0  4.37642  0  4.13669  5.7021  3.58197  0  0  2.38551  4.87722  0  0  0  0  4.45436  0  3.39277  0  0  0.631917  0  0  0  0  0  0  3.68124  0  0  4.8926  2.9198  0  0  
0  0  0  0  0  0  0  0  0  0  0  0  0  0  0  0  0  0  0  0  0  0  0  0  0  0  0  0  0  0  0  0  0  0  0  0  0  0  0  0  0  0  0  0  0  2.98759  2.12948  0  0  0  0  1.04967  1.82834  0  0  0  0  0  0  0  0  0  0  5.36906  0  0  0  0  0  0  0  0  4.93028  0  0  0  0  4.57678  0  0  0  0  0  0  3.55718  0  0  0  4.65147  0  
0  0  0  0  0  0  0  0  0  0  0  0  0  0  0  0  0  0  0  0  0  0  0  0  0  0  0  0  0  0  0  0  0  0  0  0  0  0  0  0  0  0  0  0  0  0  1.43442  0  3.89577  0  0  3.54213  5.55267  0  0  0  0  0  0  0  0  0  0  2.79  0  0  0  0  4.20417  0  0  0  3.16679  0  0  4.31082  0  3.11868  0  0  3.77196  0  0  0  2.42643  0  0  0  0  0  
0  0  0  0  0  0  0  0  0  0  0  0  0  0  0  0  0  0  0  0  0  0  0  0  0  0  0  0  0  0  0  0  0  0  0  0  0  0  0  0  0  0  0  0  0  0  0  0  0  0  0  2.25919  3.21837  0  0  0  0  0  0  0  0  0  0  2.50619  0  0  0  0  4.16795  0  0  0  2.78139  0  0  0  0  3.87599  0  0  4.61908  0  0  0  3.58467  0  0  0  0  0  
0  0  0  0  0  0  0  0  0  0  0  0  0  0  0  0  0  0  0  0  0  0  0  0  0  0  0  0  0  0  0  0  0  0  0  0  0  0  0  0  0  0  0  0  0  0  0  0  0  0  0  0  0  0  5.19236  1.67162  0  0  0  4.54709  0  0  0  0  0  0  0  0  0  0  3.09254  0  0  0  0  0  0  0  0  2.19826  0  0  0  0  0  0  0  0  0  1.97877  
0  0  0  0  0  0  0  0  0  0  0  0  0  0  0  0  0  0  0  0  0  0  0  0  0  0  0  0  0  0  0  0  0  0  0  0  0  0  0  0  0  0  0  0  0  0  0  0  0  0  0  0  0  0  4.552  0  0  0  0  0  0  0  0  0  0  0  0  0  0  0  0  0  0  0  0  2.6871  0  1.09601  0  0  0  0  0  2.72188  3.04177  0  0  0  0  0  
0  0  0  0  0  0  0  0  0  0  0  0  0  0  0  0  0  0  0  0  0  0  0  0  0  0  0  0  0  0  0  0  0  0  0  0  0  0  0  0  0  0  0  0  0  0  0  0  0  0  4.72208  0  0  4.33356  0  0  0  0  3.96514  0  0  0  1.01811  0  2.60661  1.47542  0  0  0  0  0  0  0  2.01294  0  0  4.37826  0  0  0  4.72765  0  0  0  0  0  1.39108  1.29049  0  0  
0  0  0  0  0  0  0  0  0  0  0  0  0  0  0  0  0  0  0  0  0  0  0  0  0  0  0  0  0  0  0  0  0  0  0  0  0  0  0  0  0  0  0  0  0  0  0  0  0  0  0  0  0  3.11082  0  0  2.2714  0  1.11735  0  1.14814  2.22853  3.87176  0  0  4.32827  0  0  0  0  0  5.29783  0  3.61206  0  0  4.91551  0  0  0  0  0  4.10952  0  0  0  0  0  0  0  
0  0  0  0  0  0  0  0  0  0  0  0  0  0  0  0  0  0  0  0  0  0  0  0  0  0  0  0  0  0  0  0  0  0  0  0  0  0  0  0  0  0  0  0  0  0  0  0  0  0  0  0  1.12944  0  0  0  0  0  0  0  0  0  0  5.14355  0  0  0  0  4.94511  0  0  0  3.91399  0  0  0  0  0  0  0  0  0  0  0  3.92276  0  0  0  4.7429  0  
0  0  0  0  0  0  0  0  0  0  0  0  0  0  0  0  0  0  0  0  0  0  0  0  0  0  0  0  0  0  0  0  0  0  0  0  0  0  0  0  0  0  0  0  0  0  0  0  0  0  0  0  0  0  0  0  0  0  0  0  0  0  0  4.53526  0  0  0  0  0  0  0  0  0  0  0  0  0  0  0  0  0  0  0  0  0  0  0  0  4.94573  0  
0  0  0  0  0  0  0  0  0  0  0  0  0  0  0  0  0  0  0  0  0  0  0  0  0  0  0  0  0  0  0  0  0  0  0  0  0  0  0  0  0  0  0  0  0  0  0  0  0  0  0  0  0  0  0  0  0  0  3.31698  0  0  0  3.4461  0  2.44351  3.37827  0  0  0  0  0  0  0  2.24165  0  0  0  0  0  0  0  0  0  0  0  0  3.06182  0  0  0  
0  0  0  0  0  0  0  0  0  0  0  0  0  0  0  0  0  0  0  0  0  0  0  0  0  0  0  0  0  0  0  0  0  0  0  0  0  0  0  0  0  0  0  0  0  0  0  0  0  0  0  0  0  0  0  0  0  0  0  0  0  0  0  0  0  0  0  0  0  5.00509  0  0  0  0  0  3.6445  0  0  0  0  0  0  0  4.025  0  3.16237  0  0  0  3.70719  
0  0  0  0  0  0  0  0  0  0  0  0  0  0  0  0  0  0  0  0  0  0  0  0  0  0  0  0  0  0  0  0  0  0  0  0  0  0  0  0  0  0  0  0  0  0  0  0  0  0  0  0  0  0  0  0  0  0  0  4.33602  0  0  0  0  0  0  0  0  0  0  2.41346  0  0  0  0  0  0  0  3.58462  3.68671  0  0  0  0  0  0  0  0  0  3.45845  
0  0  0  0  0  0  0  0  0  0  0  0  0  0  0  0  0  0  0  0  0  0  0  0  0  0  0  0  0  0  0  0  0  0  0  0  0  0  0  0  0  0  0  0  0  0  0  0  0  0  0  0  0  0  0  0  0  0  2.76884  0  1.06074  0.521305  0  0  0  4.94478  4.41153  0  0  0  0  3.04161  0  0  3.82934  0  4.03055  0  0  0  0  0  3.92265  0  0  0  0  0  0  0  
0  0  0  0  0  0  0  0  0  0  0  0  0  0  0  0  0  0  0  0  0  0  0  0  0  0  0  0  0  0  0  0  0  0  0  0  0  0  0  0  0  0  0  0  0  0  0  0  0  0  0  0  0  0  0  0  0  0  0  0  0  0  0  0  0  0  0  0  0  0  0  0  0  0  4.11874  0  0  0  0  0  0  1.02119  4.38816  0  0  0  0  0  0  0  
0  0  0  0  0  0  0  0  0  0  0  0  0  0  0  0  0  0  0  0  0  0  0  0  0  0  0  0  0  0  0  0  0  0  0  0  0  0  0  0  0  0  0  0  0  0  0  0  0  0  0  0  0  0  0  0  0  0  0  0  1.81346  3.63357  3.12038  0  4.75713  2.51784  0  0  0  0  0  0  0  2.87277  0  0  4.20193  0  0  0  0  0  0  0  0  0  4.27674  3.81989  0  0  
0  0  0  0  0  0  0  0  0  0  0  0  0  0  0  0  0  0  0  0  0  0  0  0  0  0  0  0  0  0  0  0  0  0  0  0  0  0  0  0  0  0  0  0  0  0  0  0  0  0  0  0  0  0  0  0  0  0  0  0  0  0  0  0  0  0  3.11881  0  0  0  0  4.09564  0  0  3.87947  0  0  0  4.39913  1.49308  0  0  0  0  0  0  0  0  0  3.34685  
0  0  0  0  0  0  0  0  0  0  0  0  0  0  0  0  0  0  0  0  0  0  0  0  0  0  0  0  0  0  0  0  0  0  0  0  0  0  0  0  0  0  0  0  0  0  0  0  0  0  0  0  0  0  0  0  0  0  0  0  0  1.59578  4.68237  0  0  3.45108  5.32507  0  0  0  0  4.0426  0  4.35945  3.929  0  3.86909  0  0  0  0  0  3.38171  0  0  0  0  0  0  0  
0  0  0  0  0  0  0  0  0  0  0  0  0  0  0  0  0  0  0  0  0  0  0  0  0  0  0  0  0  0  0  0  0  0  0  0  0  0  0  0  0  0  0  0  0  0  0  0  0  0  0  0  0  0  0  0  0  0  0  0  0  0  0  0  0  0  3.73364  0  0  0  0  3.01662  0  0  3.48671  0  0  0  0  0  0  0  2.69204  0  0  0  0  0  0  0  
0  0  0  0  0  0  0  0  0  0  0  0  0  0  0  0  0  0  0  0  0  0  0  0  0  0  0  0  0  0  0  0  0  0  0  0  0  0  0  0  0  0  0  0  0  0  0  0  0  0  0  0  0  0  0  0  0  0  0  0  0  0  0  0  2.5105  1.38143  0  0  0  0  0  0  0  1.03836  0  0  3.37101  0  0  0  0  0  0  0  0  0  1.07376  2.4043  0  0  
0  0  0  0  0  0  0  0  0  0  0  0  0  0  0  0  0  0  0  0  0  0  0  0  0  0  0  0  0  0  0  0  0  0  0  0  0  0  0  0  0  0  0  0  0  0  0  0  0  0  0  0  0  0  0  0  0  0  0  0  0  0  0  0  0  0  0  0  2.00865  0  0  0  0.486263  0  0  0  0  0  0  0  2.21696  0  0  0  0  0  0  0  0  0  
0  0  0  0  0  0  0  0  0  0  0  0  0  0  0  0  0  0  0  0  0  0  0  0  0  0  0  0  0  0  0  0  0  0  0  0  0  0  0  0  0  0  0  0  0  0  0  0  0  0  0  0  0  0  0  0  0  0  0  0  0  0  0  0  0  3.72451  0  0  0  0  0  0  0  1.90523  0  0  0  0  0  0  0  0  0  0  0  0  1.3071  4.27044  0  0  
0  0  0  0  0  0  0  0  0  0  0  0  0  0  0  0  0  0  0  0  0  0  0  0  0  0  0  0  0  0  0  0  0  0  0  0  0  0  0  0  0  0  0  0  0  0  0  0  0  0  0  0  0  0  0  0  0  0  0  0  0  0  0  0  0  0  0  0  0  0  0  0  0  1.94737  0  0  2.64722  0  0  0  0  0  0  0  0  0  2.49522  1.72671  0  0  
0  0  0  0  0  0  0  0  0  0  0  0  0  0  0  0  0  0  0  0  0  0  0  0  0  0  0  0  0  0  0  0  0  0  0  0  0  0  0  0  0  0  0  0  0  0  0  0  0  0  0  0  0  0  0  0  0  0  0  0  0  0  0  0  0  0  0  0  0  0  0  1.32553  0  0  1.91501  0  0  0  0  4.35418  0  0  0  0  0  0  0  0  0  0  
0  0  0  0  0  0  0  0  0  0  0  0  0  0  0  0  0  0  0  0  0  0  0  0  0  0  0  0  0  0  0  0  0  0  0  0  0  0  0  0  0  0  0  0  0  0  0  0  0  0  0  0  0  0  0  0  0  0  0  0  0  0  0  0  0  0  0  0  0  0  0  0  0  0  0  0  0  0  0  0  0  0  0  0  0  4.28353  0  0  3.53839  0  
0  0  0  0  0  0  0  0  0  0  0  0  0  0  0  0  0  0  0  0  0  0  0  0  0  0  0  0  0  0  0  0  0  0  0  0  0  0  0  0  0  0  0  0  0  0  0  0  0  0  0  0  0  0  0  0  0  0  0  0  0  0  0  0  0  0  0  0  0  0  0  0  1.86339  0  0  0  0  0  0  0  3.23173  0  0  0  0  0  0  0  0  0  
0  0  0  0  0  0  0  0  0  0  0  0  0  0  0  0  0  0  0  0  0  0  0  0  0  0  0  0  0  0  0  0  0  0  0  0  0  0  0  0  0  0  0  0  0  0  0  0  0  0  0  0  0  0  0  0  0  0  0  0  0  0  0  0  0  0  0  0  0  0  0  0  0  0  0  0  0  0  0  0  0  0  0  0  0  1.76009  0  0  0  0  
0  0  0  0  0  0  0  0  0  0  0  0  0  0  0  0  0  0  0  0  0  0  0  0  0  0  0  0  0  0  0  0  0  0  0  0  0  0  0  0  0  0  0  0  0  0  0  0  0  0  0  0  0  0  0  0  0  0  0  0  0  0  0  0  0  0  0  0  0  0  0  0  0  0  0  0  0  0  0  0  0  0  0  0  0  0  0  0  0  0  
0  0  0  0  0  0  0  0  0  0  0  0  0  0  0  0  0  0  0  0  0  0  0  0  0  0  0  0  0  0  0  0  0  0  0  0  0  0  0  0  0  0  0  0  0  0  0  0  0  0  0  0  0  0  0  0  0  0  0  0  0  0  0  0  0  0  0  0  0  0  0  0  0  0  1.47684  0  0  0  0  0  0  0  0  0  0  0  0  0  0  0  
0  0  0  0  0  0  0  0  0  0  0  0  0  0  0  0  0  0  0  0  0  0  0  0  0  0  0  0  0  0  0  0  0  0  0  0  0  0  0  0  0  0  0  0  0  0  0  0  0  0  0  0  0  0  0  0  0  0  0  0  0  0  0  0  0  0  0  0  0  0  0  0  0  0  0  0  0  0  0  0  1.57741  0  0  0  0  0  0  0  0  0  
0  0  0  0  0  0  0  0  0  0  0  0  0  0  0  0  0  0  0  0  0  0  0  0  0  0  0  0  0  0  0  0  0  0  0  0  0  0  0  0  0  0  0  0  0  0  0  0  0  0  0  0  0  0  0  0  0  0  0  0  0  0  0  0  0  0  0  0  0  0  0  0  0  0  0  0  3.91103  0  0  0  0  0  0  0  0  0  1.5787  3.89606  0  0  
0  0  0  0  0  0  0  0  0  0  0  0  0  0  0  0  0  0  0  0  0  0  0  0  0  0  0  0  0  0  0  0  0  0  0  0  0  0  0  0  0  0  0  0  0  0  0  0  0  0  0  0  0  0  0  0  0  0  0  0  0  0  0  0  0  0  0  0  0  0  0  0  0  0  0  0  0  0  0  0  0  4.88024  4.44213  0  0  0  0  0  0  0  
0  0  0  0  0  0  0  0  0  0  0  0  0  0  0  0  0  0  0  0  0  0  0  0  0  0  0  0  0  0  0  0  0  0  0  0  0  0  0  0  0  0  0  0  0  0  0  0  0  0  0  0  0  0  0  0  0  0  0  0  0  0  0  0  0  0  0  0  0  0  0  0  0  0  0  0  0  2.15115  0  0  0  0  0  5.18767  2.00338  4.28248  0  0  0  0  
0  0  0  0  0  0  0  0  0  0  0  0  0  0  0  0  0  0  0  0  0  0  0  0  0  0  0  0  0  0  0  0  0  0  0  0  0  0  0  0  0  0  0  0  0  0  0  0  0  0  0  0  0  0  0  0  0  0  0  0  0  0  0  0  0  0  0  0  0  0  0  0  0  0  0  0  0  0  0  0  0  0  0  4.1186  0  0  4.56016  2.38329  0  0  
0  0  0  0  0  0  0  0  0  0  0  0  0  0  0  0  0  0  0  0  0  0  0  0  0  0  0  0  0  0  0  0  0  0  0  0  0  0  0  0  0  0  0  0  0  0  0  0  0  0  0  0  0  0  0  0  0  0  0  0  0  0  0  0  0  0  0  0  0  0  0  0  0  0  0  0  0  0  0  0  0  0  0  4.29653  1.41827  0  0  0  0  0  
0  0  0  0  0  0  0  0  0  0  0  0  0  0  0  0  0  0  0  0  0  0  0  0  0  0  0  0  0  0  0  0  0  0  0  0  0  0  0  0  0  0  0  0  0  0  0  0  0  0  0  0  0  0  0  0  0  0  0  0  0  0  0  0  0  0  0  0  0  0  0  0  0  0  0  0  0  0  0  4.08919  0  0  0  0  0  0  0  0  0  0  
0  0  0  0  0  0  0  0  0  0  0  0  0  0  0  0  0  0  0  0  0  0  0  0  0  0  0  0  0  0  0  0  0  0  0  0  0  0  0  0  0  0  0  0  0  0  0  0  0  0  0  0  0  0  0  0  0  0  0  0  0  0  0  0  0  0  0  0  0  0  0  0  0  0  0  0  0  0  0  0  0  0  0  0  0  0  0  0  0  2.17821  
0  0  0  0  0  0  0  0  0  0  0  0  0  0  0  0  0  0  0  0  0  0  0  0  0  0  0  0  0  0  0  0  0  0  0  0  0  0  0  0  0  0  0  0  0  0  0  0  0  0  0  0  0  0  0  0  0  0  0  0  0  0  0  0  0  0  0  0  0  0  0  0  0  0  0  0  0  0  0  0  0  0  0  0  0  0  0  4.52553  0  0  
0  0  0  0  0  0  0  0  0  0  0  0  0  0  0  0  0  0  0  0  0  0  0  0  0  0  0  0  0  0  0  0  0  0  0  0  0  0  0  0  0  0  0  0  0  0  0  0  0  0  0  0  0  0  0  0  0  0  0  0  0  0  0  0  0  0  0  0  0  0  0  0  0  0  0  0  0  0  0  0  0  0  5.1884  0  0  0  0  0  0  0  
0  0  0  0  0  0  0  0  0  0  0  0  0  0  0  0  0  0  0  0  0  0  0  0  0  0  0  0  0  0  0  0  0  0  0  0  0  0  0  0  0  0  0  0  0  0  0  0  0  0  0  0  0  0  0  0  0  0  0  0  0  0  0  0  0  0  0  0  0  0  0  0  0  0  0  0  0  0  0  0  0  0  0  0  0  0  0  0  0  0  
0  0  0  0  0  0  0  0  0  0  0  0  0  0  0  0  0  0  0  0  0  0  0  0  0  0  0  0  0  0  0  0  0  0  0  0  0  0  0  0  0  0  0  0  0  0  0  0  0  0  0  0  0  0  0  0  0  0  0  0  0  0  0  0  0  0  0  0  0  0  0  0  0  0  0  0  0  0  0  0  0  0  0  0  0  0  0  0  0  3.26576  
0  0  0  0  0  0  0  0  0  0  0  0  0  0  0  0  0  0  0  0  0  0  0  0  0  0  0  0  0  0  0  0  0  0  0  0  0  0  0  0  0  0  0  0  0  0  0  0  0  0  0  0  0  0  0  0  0  0  0  0  0  0  0  0  0  0  0  0  0  0  0  0  0  0  0  0  0  0  0  0  0  0  0  0  0  0  0  0  0  0  
0  0  0  0  0  0  0  0  0  0  0  0  0  0  0  0  0  0  0  0  0  0  0  0  0  0  0  0  0  0  0  0  0  0  0  0  0  0  0  0  0  0  0  0  0  0  0  0  0  0  0  0  0  0  0  0  0  0  0  0  0  0  0  0  0  0  0  0  0  0  0  0  0  0  0  0  0  0  0  0  0  0  0  0  0  0  0  0  0  0  
0  0  0  0  0  0  0  0  0  0  0  0  0  0  0  0  0  0  0  0  0  0  0  0  0  0  0  0  0  0  0  0  0  0  0  0  0  0  0  0  0  0  0  0  0  0  0  0  0  0  0  0  0  0  0  0  0  0  0  0  0  0  0  0  0  0  0  0  0  0  0  0  0  0  0  0  0  0  0  0  0  0  0  0  0  0  0  3.25866  0  0  
0  0  0  0  0  0  0  0  0  0  0  0  0  0  0  0  0  0  0  0  0  0  0  0  0  0  0  0  0  0  0  0  0  0  0  0  0  0  0  0  0  0  0  0  0  0  0  0  0  0  0  0  0  0  0  0  0  0  0  0  0  0  0  0  0  0  0  0  0  0  0  0  0  0  0  0  0  0  0  0  0  0  0  0  0  0  0  0  0  0  
0  0  0  0  0  0  0  0  0  0  0  0  0  0  0  0  0  0  0  0  0  0  0  0  0  0  0  0  0  0  0  0  0  0  0  0  0  0  0  0  0  0  0  0  0  0  0  0  0  0  0  0  0  0  0  0  0  0  0  0  0  0  0  0  0  0  0  0  0  0  0  0  0  0  0  0  0  0  0  0  0  0  0  0  0  0  0  0  0  0  
0  0  0  0  0  0  0  0  0  0  0  0  0  0  0  0  0  0  0  0  0  0  0  0  0  0  0  0  0  0  0  0  0  0  0  0  0  0  0  0  0  0  0  0  0  0  0  0  0  0  0  0  0  0  0  0  0  0  0  0  0  0  0  0  0  0  0  0  0  0  0  0  0  0  0  0  0  0  0  0  0  0  0  0  0  0  0  0  0  0  
