0  0  0  0  0  0  0  0  0  0  0  0  0  0  0  0  0  0  0  0  0  2.43159  0  0  0  0  0  0  0  0  0  0  0  0  0.994278  0  0  0  0  0  0  0  0  0  0  0  0  0  0  0  0  0  0  0  0  3.44301  0  0  0  0  0  0  0  0  0  0  0  0  0  0  2.11543  0  0  0  0  0  0  0  0  0  0  0  0  0  0  0  0  0  0  0  
0  0  4.51028  0  0  0  0  0  0  5.16516  0  0  0  0  0  0  0  0  0  0  0  0  0  0  3.07971  0  0  0  0  0  0.975675  0  0  0  0  0  3.4989  0  0  0  0  0  0  0  3.55707  1.00203  2.00248  0  4.14764  0  0  4.00943  0  0  0  0  0  0  0  0  0  0  0  1.96707  0  0  0  0  3.73408  0  0  0  2.10777  0  0  0  0  3.77257  0  0  2.77389  0  0  0  3.47241  0  0  0  0  0  
3.75268  1.40211  0  0  0  0  0  0  2.65356  0  1.56875  0  0  2.95998  0  0  1.39161  0  0  0  0  0  0  3.50605  0  0  0  4.60854  0  0  0  0  0.448752  0  0  0  0  0  0  0  3.63013  0  0  0  0  0  0  0  0  3.69688  0  0  0  1.23615  0  0  0  0  4.14332  0  0  0  3.11075  0  1.21423  4.12672  0  0  0  0  0  0  0  2.45473  0  0  0  0  0  0  0  0  0  0  0  0  2.44669  0  0  0  
0  0  0  0  0  0  0  0  0  0  0  0  0  0  0  0  0  0  0  0  0  0  3.52134  0  5.25458  0  2.99696  0  0  2.79944  0  0  0  0  0  0  3.60273  0  0  0  0  0  0.895238  0  1.69778  4.40849  2.91368  0  0  0  0  0.814926  0.292407  0  0  0  0  0  0  0  0  0  0  4.7851  0  0  0  0  0  0  0  0  0  0  0  0  0  0  0  0  0  0  0  0  0  0  0  0  4.80549  0  
0  0  0  0  0  0  0  0  0  0  0  0  0  0  0  0  0  0  0  0  0  2.51732  0  0  0  0  0  0  0  0  0  0  0  0  1.94381  0  0  0  5.05408  0  0  2.62673  0  0  0  0  0  2.42531  0  0  0  0  0  0  0  1.69126  0  0  0  0  0  0  0  0  0  0  0  0  0  0  0.805951  0  0  0  0  0  0  0  0  4.46711  0  0  0  0  0  0  0  0  0  4.19146  
0  0  0  0  0  0  0  0  0  0  0  0  0  0  0  0  0  0  0  0  0  0  1.46842  0  0  0  2.38554  0  0  3.00593  0  2.76733  0  0  0  1.32855  4.68073  0  0  0  0  0  0  0  4.76495  0  0  0  0  0  0  0  0  0  0  0  0  0  0  0  0  0  0  0  0  0  0  3.02764  0  0  0  0  0  0  0  0  0  0  0  0  0  0  0  0  0  0  0  0  0.49318  0  
0  0  0  5.1485  0  0  0  0  0  0  0  0  0  0  0  0  0  0  0  0  0  0  1.64349  0  0  0  1.91946  0  0  2.3014  0  1.76491  0  0  0  0.936445  3.50156  0  0  0  0  0  0  0  4.10045  0  0  0  0  0  0  5.07034  0  0  0  0  0  0  0  0  0  0  0  0  0  0  0  2.5667  0  0  0  0  0  0  0  0  0  0  0  0  0  0  0  0  5.07226  0  0  0  1.87571  0  
0  0  3.56145  0  0  1.56859  4.19628  2.63072  0  4.53414  0  0.941025  1.90656  0  2.86002  3.93933  0  0  4.19318  0  0  0  0  0  0  5.09103  0  0  0  0  0  0  0  5.05649  0  0  0  0  0  4.90374  0  0  0  1.27744  0  0  0  0  0  0  4.50253  0  0  0  0  0  4.1173  0  4.5868  0  4.23255  4.65196  0  0  0  3.69966  3.48164  0  0  0  0  3.72475  0  0  0  0  1.59265  0  0  0  0  0  0  3.98809  0  0  0  3.8131  0  0  
0  0  1.9022  0  0  2.30893  4.47176  4.50592  0  2.57391  0  1.18485  1.39991  4.88437  4.41013  4.01648  0  0  4.39395  0  0  0  0  0  0  0  0  0  0  0  0  0  0  0  0  0  0  0  0  0  0  0  0  0.756604  0  0  0  0  5.05759  3.80251  4.71225  0  0  0  0  0  4.95126  0  3.99941  0  4.79453  0  3.96668  0  0  2.49763  0  0  0  0  0  0  0  4.81189  0  0  0.171212  0  0  0  0  0  0  4.06788  0  0  5.2644  2.54122  0  0  
0  0  4.55959  4.05872  0  0  0  0  0  0  0  0  0  0  0  1.95632  0  0  3.08786  0  0  0  0  0  0  3.88086  0  0  0  0  4.24863  0  0  3.75365  0  0  3.9435  0  0  4.92677  0  0  0  0  0  3.50237  4.67989  0  0.530177  0  0  0  0  0  4.78134  0  0  0  0  0  0  0  0  0  0  0  0  0  0  0  0  0  0  0  0  2.53597  0  0.777744  0  0  0  0  0  3.4455  2.18697  0  0  0  0  0  
0  2.84086  4.53876  0  3.745  0  0  0  1.28619  3.766  3.63014  0  0  0  0  0  0  3.14259  0  0  0  0  0  3.15578  0  0  0  0  0  0  0  0  4.39017  0  0  0  0  0  0  0  4.21846  0  0  0  0  0  0  0  0  2.88316  0  0  0  5.28859  0  0  0  0  0  0  0  0  3.40548  0  2.69967  4.57656  0  0  0  0  0  0  0  4.30139  0  0  0  0  0  0  3.94962  0  0  0  0  0  2.66559  3.6561  0  0  
0  0  0  0  0  0  0  0  1.68804  4.39055  1.9348  0  0  3.41513  0  0  2.75482  0  0  0  0  0  0  2.98342  0  0  0  4.5656  0  0  0  0  1.654  0  0  0  0  0  0  0  3.79207  0  0  0  0  0  0  0  0  2.64127  0  0  0  2.07159  0  0  0  0  4.15549  0  0  0  2.13351  0  0.178825  3.29396  0  0  0  0  0  0  0  2.08836  0  0  0  0  0  0  0  0  0  0  0  0  1.13345  4.22286  0  0  
0  0  0  0  0  3.8353  0  0  4.14544  1.15236  0  3.1641  3.01501  0  0  4.52355  0  0  0  0  0  0  0  0  0  0  0  0  0  0  3.86353  0  0  0  0  0  0  0  0  0  0  0  0  2.79079  0  0  0  0  4.21949  2.85182  0  0  0  0  0  0  0  0  0  0  0  0  3.71121  0  0  2.42594  0  0  0  0  0  0  0  4.35155  0  0  2.13062  5.10242  0  0  4.11291  0  0  5.30691  0  0  4.49183  1.22409  0  0  
0  0  0  0  0  0  0  0  0  0  0  0  0  0  0  5.1925  0  0  0  4.35068  4.45234  0  0  0  0  4.70327  0  0  0  0  0  4.33216  0  4.67618  0  0  4.28038  0  0  0  0  0  0  0  0  0  0  0  3.84216  0  0  0  0  0  3.19916  0  0  0  0  0  0  0  0  0  0  0  0  4.65577  0  4.82743  0  0  0  0  0  1.73968  0  3.9157  0  0  0  0  0  0  3.01141  2.81282  0  0  0  0  
0  0  0  0  0  0  0  0  0  0  0  0  0  0  0  0  0  0.605063  0  0  0  0  0  0  2.76283  0  0  0  0  0  4.58788  0  0  0  0  0  0  0  0  0  0  0  0  0  0  0  0  0  0  0  0  0  0  0  0  0  0  0  0  0  0  0  0  3.59344  0  0  0  0  2.5507  0  0  0  3.04212  0  0  0  0  0  0  0  3.14929  0  0  0  0  0  0  0  0  0  
0  0  0  0  0  0  2.4734  3.71765  0  4.02936  0  1.18545  1.15103  4.17159  3.23631  0  0  0  0  0  0  0  0  0  0  0  0  0  4.99992  0  0  0  0  0  0  0  0  0  0  0  0  0  0  1.49243  0  0  0  0  0  4.37786  2.76791  0  0  0  0  0  2.68957  0  3.03652  0  2.71928  3.10787  4.47003  0  0  2.92289  4.09152  0  0  0  0  3.57725  0  4.21145  0  0  1.98798  0  0  0  0  0  0  0  0  0  0  4.31337  0  0  
0  0  0  0  0  0  0  0  0  0  0  3.52527  3.15923  3.12211  4.3874  0  0  0  0  0  0  0  0  0  0  0  0  0  2.56456  0  0  0  0  0  0  0  0  4.37415  0  0  0  0  0  3.83582  0  0  0  0  0  0  1.11006  0  0  0  0  0  1.02326  0  2.10346  0  0.107398  1.48681  4.52765  0  0  3.73865  4.00396  0  0  0  0  3.70546  0  4.39171  4.36848  0  4.69329  0  0  0  0  0  3.87244  0  0  0  0  0  0  0  
0  0  0  0  0  0  0  0  0  0  0  4.28175  4.07877  0  1.3227  0  0  0  4.69688  0  0  0  0  0  0  4.74596  0  0  0  0  0  0  0  4.38928  0  0  0  4.47036  0  3.81522  0  0  0  3.9681  0  0  0  0  0  0  0  0  0  0  0  0  4.60467  0  0  3.50039  0  4.82944  0  0  0  0  1.21858  0  0  0  0  2.63321  0  0  3.45653  0  4.39246  0  0  4.18023  0  0  0  3.54321  0  0  0  0  0  3.83471  
0  0  0  0  0  0  0  0  0  3.64973  2.81838  0  0  3.92705  0  0  4.24039  4.59025  0  0  0  0  0  3.34983  0  0  0  0  0  0  0  0  3.08536  0  0  0  0  0  0  0  4.85034  0  0  0  0  0  0  0  0  1.90111  0  0  0  3.75294  0  0  0  0  0  0  0  0  2.34099  0  1.38253  3.70004  0  0  0  0  0  0  0  2.85143  0  0  0  0  0  0  4.95477  0  0  0  0  0  1.03337  3.27378  0  0  
0  0  0  0  0  0  0  0  0  0  0  3.87574  3.43183  5.05946  0  0  0  0  0  0  0  0  0  0  0  0  0  0  0  0  3.79432  0  0  0  0  0  0  0  0  0  0  0  0  3.23409  0  0  0  0  0  1.9038  0  0  0  0  0  0  0  0  0  0  0  0  2.69821  0  4.39282  2.30353  0  0  0  0  0  0  4.8161  3.66989  0  0  2.58465  0  0  0  3.45686  0  0  0  0  0  3.45616  0.413472  0  0  
0  0  0  0  0  0  0  0  0  0  0  0  0  4.60704  0  0  2.04736  0  0  0  0  0  0  1.71555  0  0  0  2.94808  0  0  0  0  1.5527  0  0  0  0  0  0  0  2.04135  0  0  0  0  0  0  0  0  4.58916  0  0  0  3.00128  0  0  0  0  0  0  0  0  4.31025  0  1.97396  0  0  0  0  0  0  0  0  3.75611  0  0  0  0  0  0  0  0  0  0  0  0  2.96722  0  0  0  
0  0  0  0  0  0  0  0  0  0  0  0  0.906438  4.29459  3.6188  4.82183  0  0  0  0  0  0  0  0  0  0  0  0  0  0  0  0  0  0  0  0  0  0  0  0  0  0  0  0.406521  0  0  0  0  0  4.6038  4.16615  0  0  0  0  0  3.89506  0  3.59784  0  3.81243  4.55894  4.1888  0  0  2.73091  4.64836  0  0  0  0  4.40173  0  4.40601  0  0  0.976462  0  0  0  0  0  0  4.52942  0  0  0  3.19255  0  0  
0  0  0  0  0  0  0  0  0  0  0  0  0  3.66149  4.27092  0  0  0  0  0  0  0  0  0  0  0  0  0  0  0  0  0  0  0  0  0  0  0  0  0  0  0  0  0.907277  0  0  0  0  0  3.48337  3.13606  0  0  0  0  0  3.52273  0  3.12402  0  2.91877  4.12377  3.29474  0  0  1.93991  5.27336  0  0  0  0  4.46069  0  3.83023  0  0  1.40683  0  0  0  0  0  0  0  0  0  4.42106  3.04308  0  0  
0  0  0  0  0  0  0  0  0  0  0  0  0  0  0  0  3.61909  0  0  0  0  0  0  0  0  0  0  0  4.89154  0  0  0  3.55573  0  0  0  0  0  0  0  0  0  0  4.43965  0  0  0  0  0  3.63435  2.28086  0  0  2.15143  0  0  4.30015  0  1.05978  0  3.17656  4.78642  2.53104  0  3.22302  2.45976  0  0  0  0  0  0  0  1.50198  0  0  4.35915  0  0  0  0  0  0  0  0  0  3.19487  4.44718  0  0  
0  0  0  0  0  0  0  0  0  0  0  0  0  0  0  0  0  0  0  0  0  0  0  0  0  0  0  0  0  0  0  0  0  0  0  0  0  3.51201  0  0  0  0  0  4.78254  0  0  0  0  0  0  0  0  0  0  0  0  3.35329  0  0  3.99532  4.2542  3.58408  0  0  0  0  0.707563  0  0  0  0  1.15962  0  0  2.36176  0  4.68969  0  0  0  0  0  0  0  0  0  0  0  0  0  
0  0  0  0  0  0  0  0  0  0  0  0  0  0  0  0  0  0  1.1504  0  0  0  0  0  0  2.19288  0  0  0  0  0  0  0  2.11387  0  0  0  0  0  3.00597  0  0  0  4.52219  0  0  0  0  1.70578  0  0  0  0  0  4.11628  0  0  0  0  0  0  0  0  0  0  0  0  0  0  0  0  0  0  0  0  3.56223  4.17778  2.92885  0  0  0  0  0  1.1532  3.99683  0  0  0  0  4.52469  
0  0  0  0  0  0  0  0  0  0  0  0  0  0  0  0  0  0  0  0  0  0  0  4.15854  0  0  0  4.29917  0  0  0  0  1.0628  0  0  0  0  0  0  0  3.48436  0  0  0  0  0  0  0  0  5.07799  0  0  0  1.50415  0  0  0  0  4.70892  0  0  0  4.53654  0  2.60973  0  0  0  0  0  0  0  0  3.66642  0  0  0  0  0  0  0  0  0  0  0  0  3.59998  0  0  0  
0  0  0  0  0  0  0  0  0  0  0  0  0  0  0  0  0  0  0  0  0  0  0  0  2.86097  0  0  0  0  0  5.22587  0  0  0  0  0  0  0  0  0  0  0  0  0  0  0  0  0  0  0  0  0  0  0  0  0  0  0  0  0  0  0  0  3.98414  0  0  0  0  3.13238  0  0  0  3.39717  0  0  0  0  0  0  0  3.29602  0  0  0  0  0  0  0  0  0  
0  0  0  0  0  0  0  0  0  0  0  0  0  0  0  0  0  0  0  0  0  0  0  0  0  0.86969  0  0  0  0  0  0  0  0.84948  0  0  0  0  0  1.77287  0  0  0  0  0  0  0  0  2.79955  0  0  0  0  0  3.51721  0  0  0  0  0  0  0  0  0  0  0  0  0  0  0  0  0  0  0  0  4.13065  4.83904  3.54389  0  0  0  0  0  0.679941  5.29296  0  0  0  0  3.34075  
0  0  0  0  0  0  0  0  0  0  0  0  0  0  0  0  0  0  0  0  2.82787  0  0  0  0  0  0  0  0  0  0  0  0  0  0  0  0  0  0.747541  0  0  0  0  0  0  0  0  0  0  0  0  0  0  0  3.42358  0  0  0  0  0  0  0  0  0  0  0  0  0  0  1.68795  0  0  0  0  0  0  0  0  0  0  0  0  0  0  0  1.87224  0  0  0  0  
0  0  0  0  0  0  0  0  0  0  0  0  0  0  0  0  0  0  0  0  0  0  0  0  0  0  0  0  0  0  0  4.55176  0  0  0  0  0  0  3.41758  0  0  0  0  0  0  0  0  0  0  0  0  0  0  0  0  0  0  0  0  0  0  0  0  0  0  0  0  4.27793  0  1.13388  0  0  0  0  0  0  0  0  0  0  0  0  0  0  0  2.26882  0  0  0  0  
0  0  0  0  0  0  0  0  0  0  0  0  0  0  0  0  0  0  0  0  0  0  0  0  0  0  0  0  0  0  0  0  0  0  1.58493  0  0  0  4.23776  0  0  0  0  0  0  0  0  4.65041  0  0  0  0  0  0  0  4.12874  0  0  0  0  0  0  0  0  0  0  0  0  0  0  1.73108  0  0  0  0  0  0  0  0  0  0  0  0  0  0  0  0  0  0  0  
0  0  0  0  0  0  0  0  0  0  0  0  0  0  0  0  0  0  0  0  0  0  0  0  0  0  0.923618  0  0  1.89277  0  3.61982  0  0  0  2.30441  3.66642  0  0  0  0  0  4.30167  0  3.53147  0  0  0  0  0  0  3.55387  3.50882  0  0  0  0  0  0  0  0  0  0  0  0  0  0  4.43932  0  0  0  0  0  0  0  0  0  0  0  0  0  0  0  0  0  0  0  0  1.29379  0  
0  0  0  0  0  0  0  0  0  0  0  0  0  0  0  0  0  0  0  0  0  0  0  0  0  0  0  1.89384  0  0  0  0  3.10913  0  0  0  0  0  0  0  1.16516  0  0  0  0  0  0  0  0  0  0  0  0  4.42161  0  0  0  0  0  0  0  0  0  0  3.07366  0  0  0  0  0  0  0  0  0  0  0  0  0  0  0  0  0  0  0  0  0  3.97449  0  0  0  
0  0  0  0  0  0  0  0  0  0  0  0  0  0  0  0  0  0  0  0  0  0  0  0  0  0  0  0  0  0  2.74975  0  0  0  0  0  0  0  0  0  0  0  4.58895  0  5.23243  4.01015  3.25847  0  0  0  0  5.05856  0  0  0  0  0  0  0  0  0  0  0  1.14546  0  0  0  0  0.783829  0  0  0  1.14769  0  0  0  0  0  0  0  2.51175  0  0  0  0  0  0  0  0  0  
0  0  0  0  0  0  0  0  0  0  0  0  0  0  0  0  0  0  0  0  0  0  0  0  0  0  0  0  0  0  0  0  0  0.0976932  0  0  0  0  0  1.21349  0  0  0  0  0  0  0  4.42557  3.18358  0  0  0  0  0  2.90294  0  0  0  0  0  0  0  0  0  0  0  0  0  0  0  0  0  0  0  0  4.20614  0  4.3541  0  4.85852  0  0  0  1.43207  0  0  0  0  0  2.75204  
0  0  0  0  0  0  0  0  0  0  0  0  0  0  0  0  0  0  0  0  0  0  0  0  0  0  0  0  0  1.01329  0  3.97125  0  0  0  2.88523  2.97718  0  0  0  0  0  3.45111  0  2.36331  0  4.05386  0  0  0  0  2.58687  3.07736  0  0  0  0  0  0  0  0  0  0  0  0  0  0  5.02587  0  0  0  0  0  0  0  0  0  0  0  0  0  0  0  0  3.95385  0  0  0  2.08947  0  
0  0  0  0  0  0  0  0  0  0  0  0  0  0  0  0  0  0  0  0  0  0  0  0  0  0  0  0  0  0  0  0  4.25899  0  0  0  0  0  0  0  0.964286  0  0  0  0  0  0  0  0  0  0  0  0  0  0  0  0  0  0  0  0  0  0  0  4.43321  0  0  0  0  0  0  0  0  0  0  0  0  0  0  0  0  0  0  0  0  0  0  0  0  0  
0  0  0  0  0  0  0  0  0  0  0  0  0  0  0  0  0  0  0  0  0  0  0  0  0  0  0  0  0  0  0  0  0  0  0  0  0  3.60382  0  0  0  0  0  0  0  0  0  0  0  0  2.89796  0  0  0  0  0  2.48286  4.83695  3.86649  0  2.25975  1.8092  0  0  0  0  0  0  0  0  0  4.68309  0  0  4.7084  0  0  0  0  0  0  0  1.46149  0  0  0  0  0  0  0  
0  0  0  0  0  0  0  0  0  0  0  0  0  0  0  0  0  0  0  0  0  0  0  0  0  0  0  0  0  0  0  3.24932  0  0  0  2.8345  1.88015  0  0  0  0  0  3.57964  0  1.95915  4.40652  3.33479  0  0  0  0  2.68732  3.25066  0  0  0  0  0  0  0  0  0  0  0  0  0  0  4.25127  0  0  0  0  0  0  0  5.06709  0  0  0  0  0  0  0  0  3.52322  0  0  0  2.65418  0  
0  0  0  0  0  0  0  0  0  0  0  0  0  0  0  0  0  0  0  0  0  0  0  0  0  0  0  0  0  0  0  0  0  0  0  0  4.27805  0  0  0  0  0  0  0  4.84029  1.98018  2.7312  0  5.02654  0  0  4.97622  0  0  0  0  0  0  0  0  0  0  0  1.69363  0  0  0  0  3.33584  0  0  0  1.46031  0  0  0  0  3.86094  0  0  1.7694  0  0  0  4.74931  0  0  5.21378  0  0  
0  0  0  0  0  0  0  0  0  0  0  0  0  0  0  0  0  0  0  0  0  0  0  0  0  0  0  0  0  0  0  0  0  0  0  1.51759  4.40043  0  0  0  0  0  0  0  0  0  0  0  0  0  0  0  0  0  0  0  0  0  0  0  0  0  0  0  0  0  0  0.954224  0  0  0  0  0  0  0  4.94323  0  0  0  0  0  0  0  0  0  4.77032  0  0  3.39803  0  
0  0  0  0  0  0  0  0  0  0  0  0  0  0  0  0  0  0  0  0  0  0  0  0  0  0  0  0  0  0  0  0  0  0  0  0  0  0  0  0  3.49306  0  0  0  0  0  0  0  0  4.27837  0  0  0  1.44004  0  0  0  0  4.44682  0  0  0  3.63644  0  1.85971  4.45871  0  0  0  0  0  0  0  2.75033  0  0  0  0  0  0  0  0  0  0  0  0  2.85715  0  0  0  
0  0  0  0  0  0  0  0  0  0  0  0  0  0  0  0  0  0  0  0  0  0  0  0  0  0  0  0  0  0  0  0  0  0  0  0  0  0  0  1.42154  0  0  0  0  0  0  0  4.4483  3.20903  0  0  0  0  0  2.7907  0  0  0  0  0  0  0  0  0  0  0  0  0  0  0  0  0  0  0  0  4.16388  0  4.51257  0  4.52172  0  0  0  1.44467  0  0  0  0  0  2.53078  
0  0  0  0  0  0  0  0  0  0  0  0  0  0  0  0  0  0  0  0  0  0  0  0  0  0  0  0  0  0  0  0  0  0  0  0  0  0  0  0  0  4.83019  0  0  0  0  0  4.64433  0  0  0  0  0  0  0  3.27484  0  0  0  0  0  0  0  0  0  0  0  0  0  0  1.24656  0  0  0  0  0  0  0  0  0  0  0  0  0  0  0  0  0  0  0  
0  0  0  0  0  0  0  0  0  0  0  0  0  0  0  0  0  0  0  0  0  0  0  0  0  0  0  0  0  0  0  0  0  0  0  0  4.7945  0  0  0  0  0  0  0  5.02689  0  0  0  0  0  0  0  0  0  0  0  0  0  0  0  0  0  0  0  0  0  0  2.17561  0  0  0  0  0  0  0  0  0  0  0  0  0  0  0  0  0  0  0  0  1.60882  0  
0  0  0  0  0  0  0  0  0  0  0  0  0  0  0  0  0  0  0  0  0  0  0  0  0  0  0  0  0  0  0  0  0  0  0  0  0  0  0  0  0  0  4.83692  0  2.00142  2.51663  2.64002  0  4.11158  0  0  3.19058  4.06578  0  0  0  0  0  0  0  0  0  0  4.63251  0  0  0  0  0  0  0  0  0  0  0  2.96482  0  2.9965  0  0  0  0  0  0  1.76948  0  0  0  4.94601  0  
0  0  0  0  0  0  0  0  0  0  0  0  0  0  0  0  0  0  0  0  0  0  0  0  0  0  0  0  0  0  0  0  0  0  0  0  0  0  0  0  0  0  0  0  0  0  0  0  0  0  0  0  0  0  0  0  3.37957  2.6382  0  0  3.80436  2.69259  0  0  0  0  3.60583  0  0  0  0  2.40558  0  0  1.63558  0  0  0  0  0  0  3.90924  3.58304  0  0  0  0  0  0  0  
0  0  0  0  0  0  0  0  0  0  0  0  0  0  0  0  0  0  0  0  0  0  0  0  0  0  0  0  0  0  0  0  0  0  0  0  0  0  0  0  0  0  0  0  0  0  0  0  0  0  0  0  0  0  3.94259  0  0  0  0  0  0  0  0  0  0  0  0  0  0  2.25994  4.91101  0  0  0  0  0  0  0  0  0  0  0  0  0  0  2.65959  0  0  0  0  
0  0  0  0  0  0  0  0  0  0  0  0  0  0  0  0  0  0  0  0  0  0  0  0  0  0  0  0  0  0  0  0  0  0  0  0  0  0  0  0  0  3.99135  0  0  0  0  0  3.43672  4.65064  0  0  0  0  0  3.43734  0  0  0  0  4.37094  0  0  0  0  0  0  0  0  0  0  0  0  0  0  0  0  0  0  0  3.42435  0  0  0  2.38597  0  0  0  0  0  1.58823  
0  0  0  0  0  0  0  0  0  0  0  0  0  0  0  0  0  0  0  0  0  0  0  0  0  0  0  0  0  0  0  0  0  0  0  0  0  0  0  0  0  0  0  0  0  0  0  0  0  0  0  0  0  4.6647  0  0  0  0  0  0  0  0  0  0  3.82922  0  0  0  0  0  0  0  0  0  0  0  0  0  0  0  0  0  0  0  0  0  4.50928  0  0  0  
0  0  0  0  0  0  0  0  0  0  0  0  0  0  0  0  0  0  0  0  0  0  0  0  0  0  0  0  0  0  0  0  0  0  0  0  0  0  0  0  0  0  0  0  0  0  0  0.926548  0  0  0  0  0  0  0  1.44921  0  0  0  3.25214  0  0  0  0  0  0  0  0  0  0  3.53572  0  0  0  0  0  0  0  4.27886  1.55132  0  0  0  0  0  0  0  0  0  2.10478  
0  0  0  0  0  0  0  0  0  0  0  0  0  0  0  0  0  0  0  0  0  0  0  0  0  0  0  0  0  0  0  0  0  0  0  0  0  0  0  0  0  0  0  0  2.40971  4.79543  3.46125  0  0  0  0  1.56801  0.675303  0  0  0  0  0  0  0  0  0  0  4.66001  0  0  0  0  4.42914  0  0  0  0  0  0  0  0  0  0  0  0  0  0  0  0  0  0  0  0  0  
0  0  0  0  0  0  0  0  0  0  0  0  0  0  0  0  0  0  0  0  0  0  0  0  0  0  0  0  0  0  0  0  0  0  0  0  0  0  0  0  0  0  0  0  0  0  0  0  0  4.14752  4.06164  0  0  0  0  0  3.95476  0  4.08595  0  4.04382  5.19892  3.69827  0  0  2.39525  4.84627  0  0  0  0  4.68746  0  3.81307  0  0  0.595859  0  0  0  0  0  0  4.07792  0  0  4.915  2.88759  0  0  
0  0  0  0  0  0  0  0  0  0  0  0  0  0  0  0  0  0  0  0  0  0  0  0  0  0  0  0  0  0  0  0  0  0  0  0  0  0  0  0  0  0  0  0  0  3.01201  2.00783  0  0  0  0  0.99996  1.93059  0  0  0  0  0  0  0  0  0  0  4.79576  0  0  0  0  0  0  0  0  4.87021  0  0  0  0  4.7228  0  0  0  0  0  0  3.66601  0  0  0  4.62025  0  
0  0  0  0  0  0  0  0  0  0  0  0  0  0  0  0  0  0  0  0  0  0  0  0  0  0  0  0  0  0  0  0  0  0  0  0  0  0  0  0  0  0  0  0  0  0  1.47739  0  3.87062  0  0  3.57232  5.11698  0  0  0  0  0  0  0  0  0  0  2.81497  0  0  0  0  4.3891  0  0  0  3.14022  0  0  4.38861  0  2.93223  0  0  3.73804  0  0  0  2.49816  0  0  0  0  0  
0  0  0  0  0  0  0  0  0  0  0  0  0  0  0  0  0  0  0  0  0  0  0  0  0  0  0  0  0  0  0  0  0  0  0  0  0  0  0  0  0  0  0  0  0  0  0  0  0  0  0  2.22678  3.21424  0  0  0  0  0  0  0  0  0  0  2.50414  0  0  0  0  4.0404  0  0  0  2.90559  0  0  0  0  3.98013  0  0  4.38054  0  0  0  3.5355  0  0  0  0  0  
0  0  0  0  0  0  0  0  0  0  0  0  0  0  0  0  0  0  0  0  0  0  0  0  0  0  0  0  0  0  0  0  0  0  0  0  0  0  0  0  0  0  0  0  0  0  0  0  0  0  0  0  0  0  4.89801  1.69115  0  0  0  4.11211  0  0  0  0  0  0  0  0  0  0  3.19667  0  0  0  0  0  0  0  0  2.22079  0  0  0  0  0  0  0  0  0  1.99842  
0  0  0  0  0  0  0  0  0  0  0  0  0  0  0  0  0  0  0  0  0  0  0  0  0  0  0  0  0  0  0  0  0  0  0  0  0  0  0  0  0  0  0  0  0  0  0  0  0  0  0  0  0  0  4.43905  0  0  0  0  0  0  0  0  0  0  0  0  0  0  0  0  0  0  0  0  2.5844  0  1.16516  0  0  0  0  0  2.74514  2.77779  0  0  0  0  0  
0  0  0  0  0  0  0  0  0  0  0  0  0  0  0  0  0  0  0  0  0  0  0  0  0  0  0  0  0  0  0  0  0  0  0  0  0  0  0  0  0  0  0  0  0  0  0  0  0  0  4.85494  0  0  4.1589  0  0  0  0  3.97845  0  0  0  1.03453  0  2.58661  1.5854  0  0  0  0  0  0  0  2.02956  0  0  4.06809  0  0  0  4.67243  0  0  0  0  0  1.368  1.51311  0  0  
0  0  0  0  0  0  0  0  0  0  0  0  0  0  0  0  0  0  0  0  0  0  0  0  0  0  0  0  0  0  0  0  0  0  0  0  0  0  0  0  0  0  0  0  0  0  0  0  0  0  0  0  0  3.64296  0  0  2.18542  0  1.08627  0  1.14135  2.33292  3.97609  0  0  3.9641  0  0  0  0  0  5.12569  0  3.53101  0  0  4.76392  0  0  0  0  0  4.1622  0  0  0  0  0  0  0  
0  0  0  0  0  0  0  0  0  0  0  0  0  0  0  0  0  0  0  0  0  0  0  0  0  0  0  0  0  0  0  0  0  0  0  0  0  0  0  0  0  0  0  0  0  0  0  0  0  0  0  0  1.13283  0  0  0  0  0  0  0  0  0  0  4.63233  0  0  0  0  4.91589  0  0  0  4.33065  0  0  0  0  0  0  0  0  0  0  0  4.30586  0  0  0  4.78357  0  
0  0  0  0  0  0  0  0  0  0  0  0  0  0  0  0  0  0  0  0  0  0  0  0  0  0  0  0  0  0  0  0  0  0  0  0  0  0  0  0  0  0  0  0  0  0  0  0  0  0  0  0  0  0  0  0  0  0  0  0  0  0  0  4.63737  0  0  0  0  0  0  0  0  0  0  0  0  0  0  0  0  0  0  0  0  0  0  0  0  4.88985  0  
0  0  0  0  0  0  0  0  0  0  0  0  0  0  0  0  0  0  0  0  0  0  0  0  0  0  0  0  0  0  0  0  0  0  0  0  0  0  0  0  0  0  0  0  0  0  0  0  0  0  0  0  0  0  0  0  0  0  3.3312  0  0  0  3.26539  0  2.41093  3.7578  0  0  0  0  0  0  0  2.22421  0  0  0  0  0  0  0  0  0  0  0  0  2.9918  0  0  0  
0  0  0  0  0  0  0  0  0  0  0  0  0  0  0  0  0  0  0  0  0  0  0  0  0  0  0  0  0  0  0  0  0  0  0  0  0  0  0  0  0  0  0  0  0  0  0  0  0  0  0  0  0  0  0  0  0  0  0  0  0  0  0  0  0  0  0  0  0  4.87934  0  0  0  0  0  3.53383  0  0  0  0  0  0  0  4.06488  0  3.08457  0  0  0  3.78063  
0  0  0  0  0  0  0  0  0  0  0  0  0  0  0  0  0  0  0  0  0  0  0  0  0  0  0  0  0  0  0  0  0  0  0  0  0  0  0  0  0  0  0  0  0  0  0  0  0  0  0  0  0  0  0  0  0  0  0  4.2455  0  0  0  0  0  0  0  0  0  0  2.41582  0  0  0  0  0  0  0  4.08396  3.30995  0  0  0  0  0  0  0  0  0  3.55076  
0  0  0  0  0  0  0  0  0  0  0  0  0  0  0  0  0  0  0  0  0  0  0  0  0  0  0  0  0  0  0  0  0  0  0  0  0  0  0  0  0  0  0  0  0  0  0  0  0  0  0  0  0  0  0  0  0  0  2.88449  0  1.01309  0.555338  0  0  0  4.86411  4.16272  0  0  0  0  2.97915  0  0  3.78956  0  4.35457  0  0  0  0  0  3.71614  0  0  0  0  0  0  0  
0  0  0  0  0  0  0  0  0  0  0  0  0  0  0  0  0  0  0  0  0  0  0  0  0  0  0  0  0  0  0  0  0  0  0  0  0  0  0  0  0  0  0  0  0  0  0  0  0  0  0  0  0  0  0  0  0  0  0  0  0  0  0  0  0  0  0  0  0  0  0  0  0  0  3.98131  0  0  0  0  0  0  0.983032  4.17444  0  0  0  0  0  0  0  
0  0  0  0  0  0  0  0  0  0  0  0  0  0  0  0  0  0  0  0  0  0  0  0  0  0  0  0  0  0  0  0  0  0  0  0  0  0  0  0  0  0  0  0  0  0  0  0  0  0  0  0  0  0  0  0  0  0  0  0  1.93735  3.52541  3.08451  0  4.64252  2.62983  0  0  0  0  0  0  0  2.63404  0  0  4.22082  0  0  0  0  0  0  0  0  0  4.14245  4.24195  0  0  
0  0  0  0  0  0  0  0  0  0  0  0  0  0  0  0  0  0  0  0  0  0  0  0  0  0  0  0  0  0  0  0  0  0  0  0  0  0  0  0  0  0  0  0  0  0  0  0  0  0  0  0  0  0  0  0  0  0  0  0  0  0  0  0  0  0  3.27775  0  0  0  0  4.30205  0  0  4.21196  0  0  0  4.06618  1.46398  0  0  0  0  0  0  0  0  0  3.29601  
0  0  0  0  0  0  0  0  0  0  0  0  0  0  0  0  0  0  0  0  0  0  0  0  0  0  0  0  0  0  0  0  0  0  0  0  0  0  0  0  0  0  0  0  0  0  0  0  0  0  0  0  0  0  0  0  0  0  0  0  0  1.47794  4.78555  0  0  3.79081  5.03819  0  0  0  0  3.94075  0  4.37999  4.32211  0  4.18676  0  0  0  0  0  3.55497  0  0  0  0  0  0  0  
0  0  0  0  0  0  0  0  0  0  0  0  0  0  0  0  0  0  0  0  0  0  0  0  0  0  0  0  0  0  0  0  0  0  0  0  0  0  0  0  0  0  0  0  0  0  0  0  0  0  0  0  0  0  0  0  0  0  0  0  0  0  0  0  0  0  3.86158  0  0  0  0  2.94375  0  0  3.48813  0  0  0  0  0  0  0  2.83789  0  0  0  0  0  0  0  
0  0  0  0  0  0  0  0  0  0  0  0  0  0  0  0  0  0  0  0  0  0  0  0  0  0  0  0  0  0  0  0  0  0  0  0  0  0  0  0  0  0  0  0  0  0  0  0  0  0  0  0  0  0  0  0  0  0  0  0  0  0  0  0  2.38837  1.39621  0  0  0  0  0  0  0  1.02206  0  0  3.62663  0  0  0  0  0  0  0  0  0  1.1351  2.44448  0  0  
0  0  0  0  0  0  0  0  0  0  0  0  0  0  0  0  0  0  0  0  0  0  0  0  0  0  0  0  0  0  0  0  0  0  0  0  0  0  0  0  0  0  0  0  0  0  0  0  0  0  0  0  0  0  0  0  0  0  0  0  0  0  0  0  0  0  0  0  1.89341  0  0  0  0.561552  0  0  0  0  0  0  0  2.15538  0  0  0  0  0  0  0  0  0  
0  0  0  0  0  0  0  0  0  0  0  0  0  0  0  0  0  0  0  0  0  0  0  0  0  0  0  0  0  0  0  0  0  0  0  0  0  0  0  0  0  0  0  0  0  0  0  0  0  0  0  0  0  0  0  0  0  0  0  0  0  0  0  0  0  3.70088  0  0  0  0  0  0  0  2.06029  0  0  0  0  0  0  0  0  0  0  0  0  1.26678  4.28352  0  0  
0  0  0  0  0  0  0  0  0  0  0  0  0  0  0  0  0  0  0  0  0  0  0  0  0  0  0  0  0  0  0  0  0  0  0  0  0  0  0  0  0  0  0  0  0  0  0  0  0  0  0  0  0  0  0  0  0  0  0  0  0  0  0  0  0  0  0  0  0  0  0  0  0  1.94565  0  0  2.577  0  0  0  0  0  0  0  0  0  2.52948  1.8255  0  0  
0  0  0  0  0  0  0  0  0  0  0  0  0  0  0  0  0  0  0  0  0  0  0  0  0  0  0  0  0  0  0  0  0  0  0  0  0  0  0  0  0  0  0  0  0  0  0  0  0  0  0  0  0  0  0  0  0  0  0  0  0  0  0  0  0  0  0  0  0  0  0  1.29784  0  0  2.06233  0  0  0  0  4.45515  0  0  0  0  0  0  0  0  0  0  
0  0  0  0  0  0  0  0  0  0  0  0  0  0  0  0  0  0  0  0  0  0  0  0  0  0  0  0  0  0  0  0  0  0  0  0  0  0  0  0  0  0  0  0  0  0  0  0  0  0  0  0  0  0  0  0  0  0  0  0  0  0  0  0  0  0  0  0  0  0  0  0  0  0  0  0  0  0  0  0  0  0  0  0  0  4.47155  0  0  3.6024  0  
0  0  0  0  0  0  0  0  0  0  0  0  0  0  0  0  0  0  0  0  0  0  0  0  0  0  0  0  0  0  0  0  0  0  0  0  0  0  0  0  0  0  0  0  0  0  0  0  0  0  0  0  0  0  0  0  0  0  0  0  0  0  0  0  0  0  0  0  0  0  0  0  1.85762  0  0  0  0  0  0  0  3.10395  0  0  0  0  0  0  0  0  0  
0  0  0  0  0  0  0  0  0  0  0  0  0  0  0  0  0  0  0  0  0  0  0  0  0  0  0  0  0  0  0  0  0  0  0  0  0  0  0  0  0  0  0  0  0  0  0  0  0  0  0  0  0  0  0  0  0  0  0  0  0  0  0  0  0  0  0  0  0  0  0  0  0  0  0  0  0  0  0  0  0  0  0  0  0  1.89295  0  0  0  0  
0  0  0  0  0  0  0  0  0  0  0  0  0  0  0  0  0  0  0  0  0  0  0  0  0  0  0  0  0  0  0  0  0  0  0  0  0  0  0  0  0  0  0  0  0  0  0  0  0  0  0  0  0  0  0  0  0  0  0  0  0  0  0  0  0  0  0  0  0  0  0  0  0  0  0  0  0  0  0  0  0  0  0  0  0  0  0  0  0  0  
0  0  0  0  0  0  0  0  0  0  0  0  0  0  0  0  0  0  0  0  0  0  0  0  0  0  0  0  0  0  0  0  0  0  0  0  0  0  0  0  0  0  0  0  0  0  0  0  0  0  0  0  0  0  0  0  0  0  0  0  0  0  0  0  0  0  0  0  0  0  0  0  0  0  1.4492  0  0  0  0  0  0  0  0  0  0  0  0  0  0  0  
0  0  0  0  0  0  0  0  0  0  0  0  0  0  0  0  0  0  0  0  0  0  0  0  0  0  0  0  0  0  0  0  0  0  0  0  0  0  0  0  0  0  0  0  0  0  0  0  0  0  0  0  0  0  0  0  0  0  0  0  0  0  0  0  0  0  0  0  0  0  0  0  0  0  0  0  0  0  0  0  1.52998  0  0  0  0  0  0  0  0  0  
0  0  0  0  0  0  0  0  0  0  0  0  0  0  0  0  0  0  0  0  0  0  0  0  0  0  0  0  0  0  0  0  0  0  0  0  0  0  0  0  0  0  0  0  0  0  0  0  0  0  0  0  0  0  0  0  0  0  0  0  0  0  0  0  0  0  0  0  0  0  0  0  0  0  0  0  4.16511  0  0  0  0  0  0  0  0  0  1.60503  3.66294  0  0  
0  0  0  0  0  0  0  0  0  0  0  0  0  0  0  0  0  0  0  0  0  0  0  0  0  0  0  0  0  0  0  0  0  0  0  0  0  0  0  0  0  0  0  0  0  0  0  0  0  0  0  0  0  0  0  0  0  0  0  0  0  0  0  0  0  0  0  0  0  0  0  0  0  0  0  0  0  0  0  0  0  4.82697  4.65753  0  0  0  0  0  0  0  
0  0  0  0  0  0  0  0  0  0  0  0  0  0  0  0  0  0  0  0  0  0  0  0  0  0  0  0  0  0  0  0  0  0  0  0  0  0  0  0  0  0  0  0  0  0  0  0  0  0  0  0  0  0  0  0  0  0  0  0  0  0  0  0  0  0  0  0  0  0  0  0  0  0  0  0  0  2.1989  0  0  0  0  0  4.85416  1.96981  4.23264  0  0  0  0  
0  0  0  0  0  0  0  0  0  0  0  0  0  0  0  0  0  0  0  0  0  0  0  0  0  0  0  0  0  0  0  0  0  0  0  0  0  0  0  0  0  0  0  0  0  0  0  0  0  0  0  0  0  0  0  0  0  0  0  0  0  0  0  0  0  0  0  0  0  0  0  0  0  0  0  0  0  0  0  0  0  0  0  4.14827  0  0  4.75159  2.46687  0  0  
0  0  0  0  0  0  0  0  0  0  0  0  0  0  0  0  0  0  0  0  0  0  0  0  0  0  0  0  0  0  0  0  0  0  0  0  0  0  0  0  0  0  0  0  0  0  0  0  0  0  0  0  0  0  0  0  0  0  0  0  0  0  0  0  0  0  0  0  0  0  0  0  0  0  0  0  0  0  0  0  0  0  0  4.14891  1.41136  0  0  0  0  0  
0  0  0  0  0  0  0  0  0  0  0  0  0  0  0  0  0  0  0  0  0  0  0  0  0  0  0  0  0  0  0  0  0  0  0  0  0  0  0  0  0  0  0  0  0  0  0  0  0  0  0  0  0  0  0  0  0  0  0  0  0  0  0  0  0  0  0  0  0  0  0  0  0  0  0  0  0  0  0  4.12203  0  0  0  0  0  0  0  0  0  0  
0  0  0  0  0  0  0  0  0  0  0  0  0  0  0  0  0  0  0  0  0  0  0  0  0  0  0  0  0  0  0  0  0  0  0  0  0  0  0  0  0  0  0  0  0  0  0  0  0  0  0  0  0  0  0  0  0  0  0  0  0  0  0  0  0  0  0  0  0  0  0  0  0  0  0  0  0  0  0  0  0  0  0  0  0  0  0  0  0  2.16663  
0  0  0  0  0  0  0  0  0  0  0  0  0  0  0  0  0  0  0  0  0  0  0  0  0  0  0  0  0  0  0  0  0  0  0  0  0  0  0  0  0  0  0  0  0  0  0  0  0  0  0  0  0  0  0  0  0  0  0  0  0  0  0  0  0  0  0  0  0  0  0  0  0  0  0  0  0  0  0  0  0  0  0  0  0  0  0  4.26164  0  0  
0  0  0  0  0  0  0  0  0  0  0  0  0  0  0  0  0  0  0  0  0  0  0  0  0  0  0  0  0  0  0  0  0  0  0  0  0  0  0  0  0  0  0  0  0  0  0  0  0  0  0  0  0  0  0  0  0  0  0  0  0  0  0  0  0  0  0  0  0  0  0  0  0  0  0  0  0  0  0  0  0  0  4.8103  0  0  0  0  0  0  0  
0  0  0  0  0  0  0  0  0  0  0  0  0  0  0  0  0  0  0  0  0  0  0  0  0  0  0  0  0  0  0  0  0  0  0  0  0  0  0  0  0  0  0  0  0  0  0  0  0  0  0  0  0  0  0  0  0  0  0  0  0  0  0  0  0  0  0  0  0  0  0  0  0  0  0  0  0  0  0  0  0  0  0  0  0  0  0  0  0  0  
0  0  0  0  0  0  0  0  0  0  0  0  0  0  0  0  0  0  0  0  0  0  0  0  0  0  0  0  0  0  0  0  0  0  0  0  0  0  0  0  0  0  0  0  0  0  0  0  0  0  0  0  0  0  0  0  0  0  0  0  0  0  0  0  0  0  0  0  0  0  0  0  0  0  0  0  0  0  0  0  0  0  0  0  0  0  0  0  0  3.47946  
0  0  0  0  0  0  0  0  0  0  0  0  0  0  0  0  0  0  0  0  0  0  0  0  0  0  0  0  0  0  0  0  0  0  0  0  0  0  0  0  0  0  0  0  0  0  0  0  0  0  0  0  0  0  0  0  0  0  0  0  0  0  0  0  0  0  0  0  0  0  0  0  0  0  0  0  0  0  0  0  0  0  0  0  0  0  0  0  0  0  
0  0  0  0  0  0  0  0  0  0  0  0  0  0  0  0  0  0  0  0  0  0  0  0  0  0  0  0  0  0  0  0  0  0  0  0  0  0  0  0  0  0  0  0  0  0  0  0  0  0  0  0  0  0  0  0  0  0  0  0  0  0  0  0  0  0  0  0  0  0  0  0  0  0  0  0  0  0  0  0  0  0  0  0  0  0  0  0  0  0  
0  0  0  0  0  0  0  0  0  0  0  0  0  0  0  0  0  0  0  0  0  0  0  0  0  0  0  0  0  0  0  0  0  0  0  0  0  0  0  0  0  0  0  0  0  0  0  0  0  0  0  0  0  0  0  0  0  0  0  0  0  0  0  0  0  0  0  0  0  0  0  0  0  0  0  0  0  0  0  0  0  0  0  0  0  0  0  3.16924  0  0  
0  0  0  0  0  0  0  0  0  0  0  0  0  0  0  0  0  0  0  0  0  0  0  0  0  0  0  0  0  0  0  0  0  0  0  0  0  0  0  0  0  0  0  0  0  0  0  0  0  0  0  0  0  0  0  0  0  0  0  0  0  0  0  0  0  0  0  0  0  0  0  0  0  0  0  0  0  0  0  0  0  0  0  0  0  0  0  0  0  0  
0  0  0  0  0  0  0  0  0  0  0  0  0  0  0  0  0  0  0  0  0  0  0  0  0  0  0  0  0  0  0  0  0  0  0  0  0  0  0  0  0  0  0  0  0  0  0  0  0  0  0  0  0  0  0  0  0  0  0  0  0  0  0  0  0  0  0  0  0  0  0  0  0  0  0  0  0  0  0  0  0  0  0  0  0  0  0  0  0  0  
0  0  0  0  0  0  0  0  0  0  0  0  0  0  0  0  0  0  0  0  0  0  0  0  0  0  0  0  0  0  0  0  0  0  0  0  0  0  0  0  0  0  0  0  0  0  0  0  0  0  0  0  0  0  0  0  0  0  0  0  0  0  0  0  0  0  0  0  0  0  0  0  0  0  0  0  0  0  0  0  0  0  0  0  0  0  0  0  0  0  
