0  0  0  0  0  0  0  0  0  0  0  0  0  0  0  0  0  0  0  0  0  0  0  0  0  0  0  0  0  0  0  2.31368  0  0  0  0  0  0  0  0  0  0  0  0  0.924236  0  0  0  0  0  0  0  0  0  0  0  0  0  0  0  0  0  0  0  0  3.83619  0  0  0  0  0  0  0  0  0  0  0  0  0  0  2.12356  0  0  0  0  0  0  0  0  0  0  0  0  0  0  0  0  0  0  0  
0  0  0  0  0  0  0  0  0  0  0  0  0  0  0  0  0  0  0  0  0  0  0  0  0  0  0  0  0  0  0  0  0  0  3.0888  0  0  0  0  0  0.995015  0  0  0  0  0  3.60484  0  0  0  0  0  0  0  3.73336  1.08619  1.90156  0  0  0  0  0  0  0  0  0  0  0  0  0  0  0  0  1.98408  0  0  0  0  3.76221  0  0  0  2.12129  0  0  0  0  3.45866  0  0  2.62091  0  0  0  3.57408  0  0  0  0  0  
0  0  0  0  0  0  0  0  0  0  3.9366  1.28496  0  0  0  0  0  0  2.83583  0  1.68342  0  0  3.15717  0  0  1.3282  0  0  0  0  0  0  3.31828  0  0  0  0  0  0  0  0  0.420618  0  0  0  0  0  0  0  3.59548  0  0  0  0  0  0  0  0  3.68524  0  0  0  1.31149  0  0  0  0  0  0  0  0  3.05283  0  1.39459  0  0  0  0  0  0  0  0  2.5094  0  0  0  0  0  0  0  0  0  0  0  0  2.3879  0  0  0  
0  0  0  0  0  0  0  0  0  0  0  0  0  0  0  0  0  0  0  0  0  0  0  0  0  0  0  0  0  0  0  0  3.6378  0  0  0  2.94227  0  0  3.04  0  0  0  0  0  0  3.73031  0  0  0  0  0  0.845609  0  1.7478  0  2.92069  0  0  0  0  0.83648  0.301925  0  0  0  0  0  0  0  0  0  0  0  0  0  0  0  0  0  0  0  0  0  0  0  0  0  0  0  0  0  0  0  0  0  0  0  0  0  
0  0  0  0  0  0  0  0  0  0  0  0  0  0  0  0  0  0  0  0  0  0  0  0  0  0  0  0  0  0  0  2.55892  0  0  0  0  0  0  0  0  0  0  0  0  2.0156  0  0  0  0  0  0  2.69796  0  0  0  0  0  2.4563  0  0  0  0  0  0  0  1.72394  0  0  0  0  0  0  0  0  0  0  0  0  0  0  0.844865  0  0  0  0  0  0  0  0  0  0  0  0  0  0  0  0  0  0  0  
0  0  0  0  0  0  0  0  0  0  0  0  0  0  0  0  0  0  0  0  0  0  0  0  0  0  0  0  0  0  0  0  1.48806  0  0  0  2.34145  0  0  3.01893  0  2.72872  0  0  0  1.20144  0  0  0  0  0  0  0  0  0  0  0  0  0  0  0  0  0  0  0  0  0  0  0  0  0  0  0  0  0  0  0  3.20126  0  0  0  0  0  0  0  0  0  0  0  0  0  0  0  0  0  0  0  0  0.465179  0  
0  0  0  0  0  0  0  0  0  0  0  0  0  0  0  0  0  0  0  0  0  0  0  0  0  0  0  0  0  0  0  0  1.81115  0  0  0  2.03845  0  0  2.15199  0  1.74811  0  0  0  0.961339  3.55892  0  0  0  0  0  0  0  0  0  0  0  0  0  0  0  0  0  0  0  0  0  0  0  0  0  0  0  0  0  0  2.65762  0  0  0  0  0  0  0  0  0  0  0  0  0  0  0  0  0  0  0  0  1.84854  0  
0  0  0  0  0  0  0  0  0  0  0  0  3.59224  0  0  1.56728  0  2.87741  0  0  0  1.00428  1.86275  0  3.01456  0  0  0  0  0  0  0  0  0  0  0  0  0  0  0  0  0  0  0  0  0  0  0  0  0  0  0  0  1.30806  0  0  0  0  0  0  0  0  0  0  0  0  3.94744  0  0  0  0  0  0  0  0  3.67842  3.636  0  0  0  0  3.95447  0  0  0  0  1.5294  0  0  0  0  0  0  3.71838  0  0  0  0  0  0  
0  0  0  0  0  0  0  0  0  0  0  0  1.99967  0  0  2.17829  0  0  0  2.68593  0  1.07222  1.51002  0  0  0  0  0  0  0  0  0  0  0  0  0  0  0  0  0  0  0  0  0  0  0  0  0  0  0  0  0  0  0.716568  0  0  0  0  0  3.74931  0  0  0  0  0  0  0  0  0  0  0  0  3.91619  0  0  2.5574  0  0  0  0  0  0  0  0  0  0  0.156812  0  0  0  0  0  0  0  0  0  0  2.48179  0  0  
0  0  0  0  0  0  0  0  0  0  0  0  0  0  0  0  0  0  0  0  0  0  0  0  0  2.1067  0  0  3.14726  0  0  0  0  0  0  3.79759  0  0  0  0  0  0  0  3.72427  0  0  3.95347  0  0  0  0  0  0  0  0  3.33042  0  0  0.516404  0  0  0  0  0  0  0  0  0  0  0  0  0  0  0  0  0  0  0  0  0  0  0  0  0  0  2.47308  0  0.762578  0  0  0  0  0  3.25345  2.12718  0  0  0  0  0  
0  0  0  0  0  0  0  0  0  0  0  2.75697  0  0  3.88524  0  0  0  1.34534  3.75837  3.49731  0  0  0  0  0  0  3.35993  0  0  0  0  0  3.22837  0  0  0  0  0  0  0  0  0  0  0  0  0  0  0  0  0  0  0  0  0  0  0  0  0  2.73274  0  0  0  0  0  0  0  0  0  0  0  0  3.38489  0  2.59087  0  0  0  0  0  0  0  0  0  0  0  0  0  0  0  3.87512  0  0  0  0  0  2.40829  3.81706  0  0  
0  0  0  0  0  0  0  0  0  0  0  0  0  0  0  0  0  0  1.5638  0  1.96897  0  0  3.27654  0  0  2.61237  0  0  0  0  0  0  3.15125  0  0  0  0  0  0  0  0  1.62711  0  0  0  0  0  0  0  3.81748  0  0  0  0  0  0  0  0  2.54651  0  0  0  2.20122  0  0  0  0  0  0  0  0  2.16752  0  0.197783  3.57609  0  0  0  0  0  0  0  2.05026  0  0  0  0  0  0  0  0  0  0  0  0  1.20211  0  0  0  
0  0  0  0  0  0  0  0  0  0  0  0  0  0  0  0  0  0  0  1.0557  0  3.01608  3.06909  0  0  0  0  0  0  0  0  0  0  0  0  0  0  0  0  0  0  0  0  0  0  0  0  0  0  0  0  0  0  2.60328  0  0  0  0  0  2.90256  0  0  0  0  0  0  0  0  0  0  0  0  3.58675  0  0  2.73157  0  0  0  0  0  0  0  0  0  0  2.12542  0  0  0  0  0  0  0  0  0  0  1.16775  0  0  
0  0  0  0  0  0  0  0  0  0  0  0  0  0  0  0  0  0  0  0  0  0  0  0  0  0  0  0  0  0  0  0  0  0  0  0  0  0  0  0  0  3.84111  0  0  0  0  0  0  0  0  0  0  0  0  0  0  0  0  0  0  0  0  0  0  2.98874  0  0  0  0  0  0  0  0  0  0  0  0  0  0  0  0  0  0  0  0  1.66894  0  3.91403  0  0  0  0  0  0  3.3702  2.61423  0  0  0  0  
0  0  0  0  0  0  0  0  0  0  0  0  0  0  0  0  0  0  0  0  0  0  0  0  0  0  0  0.606457  0  0  0  0  0  0  2.76021  0  0  0  0  0  0  0  0  0  0  0  0  0  0  0  0  0  0  0  0  0  0  0  0  0  0  0  0  0  0  0  0  0  0  0  0  0  0  3.61019  0  0  0  0  2.53387  0  0  0  3.20156  0  0  0  0  0  0  0  3.12995  0  0  0  0  0  0  0  0  0  
0  0  0  0  0  0  0  0  0  0  0  0  0  0  0  0  2.54564  3.68469  0  0  0  1.12983  1.08005  0  3.25094  0  0  0  0  0  0  0  0  0  0  0  0  0  0  0  0  0  0  0  0  0  0  0  0  0  0  0  0  1.4679  0  0  0  0  0  0  3.00507  0  0  0  0  0  2.66027  0  3.04378  0  2.59873  3.23105  0  0  0  2.92764  3.94987  0  0  0  0  3.74838  0  0  0  0  2.02253  0  0  0  0  0  0  0  0  0  0  0  0  0  
0  0  0  0  0  0  0  0  0  0  0  0  0  0  0  0  0  0  0  0  0  3.63062  3.12792  3.13051  0  0  0  0  0  0  0  0  0  0  0  0  0  0  2.46354  0  0  0  0  0  0  0  0  0  0  0  0  0  0  3.8813  0  0  0  0  0  0  1.05393  0  0  0  0  0  1.05364  0  1.96051  0  0.108364  1.46489  0  0  0  0  0  0  0  0  0  3.90615  0  0  0  0  0  0  0  0  0  0  3.82034  0  0  0  0  0  0  0  
0  0  0  0  0  0  0  0  0  0  0  0  0  0  0  0  0  0  0  0  0  3.80744  0  0  1.24659  0  0  0  0  0  0  0  0  0  0  0  0  0  0  0  0  0  0  0  0  0  0  0  0  3.84605  0  0  0  0  0  0  0  0  0  0  0  0  0  0  0  0  0  0  0  3.39733  0  0  0  0  0  0  1.29796  0  0  0  0  2.41638  0  0  3.50687  0  0  0  0  0  0  0  0  0  0  0  0  0  0  0  
0  0  0  0  0  0  0  0  0  0  0  0  0  0  0  0  0  0  0  3.42407  2.92382  0  0  0  0  0  0  0  0  0  0  0  0  3.34453  0  0  0  0  0  0  0  0  3.13911  0  0  0  0  0  0  0  0  0  0  0  0  0  0  0  0  1.80713  0  0  0  3.70132  0  0  0  0  0  0  0  0  2.16478  0  1.44168  3.39006  0  0  0  0  0  0  0  2.70867  0  0  0  0  0  0  0  0  0  0  0  0  1.07779  3.33883  0  0  
0  0  0  0  0  0  0  0  0  0  0  0  0  0  0  0  0  0  0  0  0  3.54734  3.33133  0  0  0  0  0  0  0  0  0  0  0  0  0  0  0  0  0  0  0  0  0  0  0  0  0  0  0  0  0  0  3.12787  0  0  0  0  0  1.96145  0  0  0  0  0  0  0  0  0  0  0  0  2.8016  0  0  2.3242  0  0  0  0  0  0  0  3.76987  0  0  2.77236  0  0  0  3.62065  0  0  0  0  0  3.28575  0.401886  0  0  
0  0  0  0  0  0  0  0  0  0  0  0  0  0  0  0  0  0  0  0  0  0  0  0  0  0  2.23789  0  0  0  0  0  0  1.69219  0  0  0  2.84648  0  0  0  0  1.4991  0  0  0  0  0  0  0  1.94298  0  0  0  0  0  0  0  0  0  0  0  0  2.95917  0  0  0  0  0  0  0  0  0  0  1.88498  0  0  0  0  0  0  0  0  3.90532  0  0  0  0  0  0  0  0  0  0  0  0  3.09842  0  0  0  
0  0  0  0  0  0  0  0  0  0  0  0  0  0  0  0  0  0  0  0  0  0  0.894633  0  3.74044  0  0  0  0  0  0  0  0  0  0  0  0  0  0  0  0  0  0  0  0  0  0  0  0  0  0  0  0  0.42146  0  0  0  0  0  0  3.94596  0  0  0  0  0  3.78837  0  3.74921  0  3.69265  0  0  0  0  2.67752  0  0  0  0  0  0  0  0  0  0  0.921679  0  0  0  0  0  0  0  0  0  0  3.26929  0  0  
0  0  0  0  0  0  0  0  0  0  0  0  0  0  0  0  0  0  0  0  0  0  0  3.6355  0  0  0  0  0  0  0  0  0  0  0  0  0  0  0  0  0  0  0  0  0  0  0  0  0  0  0  0  0  0.878476  0  0  0  0  0  3.56463  3.24817  0  0  0  0  0  3.51901  0  2.9178  0  3.20781  0  3.31026  0  0  1.9333  0  0  0  0  0  0  0  3.56344  0  0  1.36442  0  0  0  0  0  0  0  0  0  0  2.98743  0  0  
0  0  0  0  0  0  0  0  0  0  0  0  0  0  0  0  0  0  0  0  0  0  0  0  0  0  3.61297  0  0  0  0  0  0  0  0  0  0  0  0  0  0  0  3.47644  0  0  0  0  0  0  0  0  0  0  0  0  0  0  0  0  3.51322  2.13711  0  0  2.16316  0  0  0  0  1.19539  0  3.22672  0  2.46999  0  3.46926  2.75786  0  0  0  0  0  0  0  1.56195  0  0  0  0  0  0  0  0  0  0  0  0  3.16812  0  0  0  
0  0  0  0  0  0  0  0  0  0  0  0  0  0  0  0  0  0  0  0  0  0  0  0  0  0  0  0  0  0  0  0  0  0  0  0  0  0  0  0  0  0  0  0  0  0  0  3.5554  0  0  0  0  0  0  0  0  0  0  0  0  0  0  0  0  0  0  3.39297  0  0  0  0  3.54748  0  0  0  0  0.699135  0  0  0  0  1.22694  0  0  2.51008  0  0  0  0  0  0  0  0  0  0  0  0  0  0  0  
0  0  0  0  0  0  0  0  0  0  0  0  0  0  0  0  0  0  0  0  0  0  0  0  0  0  0  0  1.25673  0  0  0  0  0  0  2.09912  0  0  0  0  0  0  0  2.05622  0  0  0  0  0  3.11341  0  0  0  0  0  0  0  0  1.64324  0  0  0  0  0  0  0  0  0  0  0  0  0  0  0  0  0  0  0  0  0  0  0  0  0  0  3.70806  0  2.86372  0  0  0  0  0  1.16452  0  0  0  0  0  0  
0  0  0  0  0  0  0  0  0  0  0  0  0  0  0  0  0  0  0  0  0  0  0  0  0  0  0  0  0  0  0  0  0  3.89676  0  0  0  0  0  0  0  0  1.02918  0  0  0  0  0  0  0  3.77193  0  0  0  0  0  0  0  0  0  0  0  0  1.4547  0  0  0  0  0  0  0  0  0  0  2.71271  0  0  0  0  0  0  0  0  3.492  0  0  0  0  0  0  0  0  0  0  0  0  3.6946  0  0  0  
0  0  0  0  0  0  0  0  0  0  0  0  0  0  0  0  0  0  0  0  0  0  0  0  0  0  0  0  0  0  0  0  0  0  3.25936  0  0  0  0  0  0  0  0  0  0  0  0  0  0  0  0  0  0  0  0  0  0  0  0  0  0  0  0  0  0  0  0  0  0  0  0  0  0  0  0  0  0  0  3.09796  0  0  0  3.5502  0  0  0  0  0  0  0  3.22645  0  0  0  0  0  0  0  0  0  
0  0  0  0  0  0  0  0  0  0  0  0  0  0  0  0  0  0  0  0  0  0  0  0  0  0  0  0  0  0  0  0  0  0  0  0.873424  0  0  0  0  0  0  0  0.850193  0  0  0  0  0  1.87025  0  0  0  0  0  0  0  0  2.63565  0  0  0  0  0  3.46777  0  0  0  0  0  0  0  0  0  0  0  0  0  0  0  0  0  0  0  0  0  0  3.85724  0  0  0  0  0  0.638634  0  0  0  0  0  3.44763  
0  0  0  0  0  0  0  0  0  0  0  0  0  0  0  0  0  0  0  0  0  0  0  0  0  0  0  0  0  0  2.73193  0  0  0  0  0  0  0  0  0  0  0  0  0  0  0  0  0  0.786934  0  0  0  0  0  0  0  0  0  0  0  0  0  0  0  3.4722  0  0  0  0  0  0  0  0  0  0  0  0  0  0  1.77438  0  0  0  0  0  0  0  0  0  0  0  0  0  0  0  1.89201  0  0  0  0  
0  0  0  0  0  0  0  0  0  0  0  0  0  0  0  0  0  0  0  0  0  0  0  0  0  0  0  0  0  0  0  0  0  0  0  0  0  0  0  0  0  0  0  0  0  0  0  0  3.2237  0  0  0  0  0  0  0  0  0  0  0  0  0  0  0  0  0  0  0  0  0  0  0  0  0  0  0  0  0  0  1.05312  0  0  0  0  0  0  0  0  0  0  0  0  0  0  0  2.2798  0  0  0  0  
0  0  0  0  0  0  0  0  0  0  0  0  0  0  0  0  0  0  0  0  0  0  0  0  0  0  0  0  0  0  0  0  0  0  0  0  0  0  0  0  0  0  0  0  1.67133  0  0  0  0  0  0  0  0  0  0  0  0  0  0  0  0  0  0  0  0  0  0  0  0  0  0  0  0  0  0  0  0  0  0  0  1.82074  0  0  0  0  0  0  0  0  0  0  0  0  0  0  0  0  0  0  0  
0  0  0  0  0  0  0  0  0  0  0  0  0  0  0  0  0  0  0  0  0  0  0  0  0  0  0  0  0  0  0  0  0  0  0  0  0.970048  0  0  1.89888  0  3.52321  0  0  0  2.23269  3.82964  0  0  0  0  0  0  0  3.35112  0  0  0  0  0  0  3.57888  3.66412  0  0  0  0  0  0  0  0  0  0  0  0  0  0  0  0  0  0  0  0  0  0  0  0  0  0  0  0  0  0  0  0  0  0  0  1.25021  0  
0  0  0  0  0  0  0  0  0  0  0  0  0  0  0  0  0  0  0  0  0  0  0  0  0  0  0  0  0  0  0  0  0  0  0  0  0  1.85252  0  0  0  0  3.18453  0  0  0  0  0  0  0  1.15315  0  0  0  0  0  0  0  0  0  0  0  0  0  0  0  0  0  0  0  0  0  0  0  2.98955  0  0  0  0  0  0  0  0  0  0  0  0  0  0  0  0  0  0  0  0  0  3.98559  0  0  0  
0  0  0  0  0  0  0  0  0  0  0  0  0  0  0  0  0  0  0  0  0  0  0  0  0  0  0  0  0  0  0  0  0  0  0  0  0  0  0  0  2.73435  0  0  0  0  0  0  0  0  0  0  0  0  0  0  3.9375  3.40733  0  0  0  0  0  0  0  0  0  0  0  0  0  0  0  0  1.10916  0  0  0  0  0.687598  0  0  0  1.17941  0  0  0  0  0  0  0  2.43118  0  0  0  0  0  0  0  0  0  
0  0  0  0  0  0  0  0  0  0  0  0  0  0  0  0  0  0  0  0  0  0  0  0  0  0  0  0  0  0  0  0  0  0  0  0  0  0  0  0  0  0  0  0.0897991  0  0  0  0  0  1.20604  0  0  0  0  0  0  0  0  3.28176  0  0  0  0  0  2.8844  0  0  0  0  0  0  0  0  0  0  0  0  0  0  0  0  0  0  0  0  0  0  0  0  0  0  0  0  1.39013  0  0  0  0  0  2.68384  
0  0  0  0  0  0  0  0  0  0  0  0  0  0  0  0  0  0  0  0  0  0  0  0  0  0  0  0  0  0  0  0  0  0  0  0  0  0  0  1.02189  0  3.76564  0  0  0  2.76937  2.94698  0  0  0  0  0  3.71454  0  2.40166  0  0  0  0  0  0  2.73346  3.03198  0  0  0  0  0  0  0  0  0  0  0  0  0  0  0  0  0  0  0  0  0  0  0  0  0  0  0  0  0  0  0  0  0  0  0  2.18892  0  
0  0  0  0  0  0  0  0  0  0  0  0  0  0  0  0  0  0  0  0  0  0  0  0  0  0  0  0  0  0  0  0  0  0  0  0  0  0  0  0  0  0  0  0  0  0  0  0  0  0  0.908797  0  0  0  0  0  0  0  0  0  0  0  0  0  0  0  0  0  0  0  0  0  0  0  0  0  0  0  0  0  0  0  0  0  0  0  0  0  0  0  0  0  0  0  0  0  0  0  0  0  
0  0  0  0  0  0  0  0  0  0  0  0  0  0  0  0  0  0  0  0  0  0  0  0  0  0  0  0  0  0  0  0  0  0  0  0  0  0  0  0  0  0  0  0  0  0  0  3.4919  0  0  0  0  0  0  0  0  0  0  0  0  2.80872  0  0  0  0  0  2.36265  0  3.83006  0  2.37946  1.95524  0  0  0  0  0  0  0  0  0  0  0  0  0  0  0  0  0  0  0  0  1.40712  0  0  0  0  0  0  0  
0  0  0  0  0  0  0  0  0  0  0  0  0  0  0  0  0  0  0  0  0  0  0  0  0  0  0  0  0  0  0  0  0  0  0  0  0  0  0  0  0  3.6658  0  0  0  3.07065  1.93676  0  0  0  0  0  3.87977  0  1.89835  0  3.55841  0  0  0  0  2.55574  3.21891  0  0  0  0  0  0  0  0  0  0  0  0  0  0  0  0  0  0  0  0  0  0  0  0  0  0  0  0  0  0  0  3.71476  0  0  0  2.9893  0  
0  0  0  0  0  0  0  0  0  0  0  0  0  0  0  0  0  0  0  0  0  0  0  0  0  0  0  0  0  0  0  0  0  0  0  0  0  0  0  0  0  0  0  0  0  0  0  0  0  0  0  0  0  0  0  2.0618  2.75932  0  0  0  0  0  0  0  0  0  0  0  0  0  0  0  0  1.76171  0  0  0  0  3.41939  0  0  0  1.58379  0  0  0  0  0  0  0  1.65321  0  0  0  0  0  0  0  0  0  
0  0  0  0  0  0  0  0  0  0  0  0  0  0  0  0  0  0  0  0  0  0  0  0  0  0  0  0  0  0  0  0  0  0  0  0  0  0  0  0  0  0  0  0  0  1.52855  0  0  0  0  0  0  0  0  0  0  0  0  0  0  0  0  0  0  0  0  0  0  0  0  0  0  0  0  0  0  0  1.09352  0  0  0  0  0  0  0  0  0  0  0  0  0  0  0  0  0  0  0  0  3.17218  0  
0  0  0  0  0  0  0  0  0  0  0  0  0  0  0  0  0  0  0  0  0  0  0  0  0  0  0  0  0  0  0  0  0  0  0  0  0  0  0  0  0  0  0  0  0  0  0  0  0  0  3.33663  0  0  0  0  0  0  0  0  0  0  0  0  1.47585  0  0  0  0  0  0  0  0  3.47264  0  1.70602  0  0  0  0  0  0  0  0  2.9196  0  0  0  0  0  0  0  0  0  0  0  0  2.77476  0  0  0  
0  0  0  0  0  0  0  0  0  0  0  0  0  0  0  0  0  0  0  0  0  0  0  0  0  0  0  0  0  0  0  0  0  0  0  0  0  0  0  0  0  0  0  0  0  0  0  0  0  1.291  0  0  0  0  0  0  0  0  3.20887  0  0  0  0  0  2.83202  0  0  0  0  0  0  0  0  0  0  0  0  0  0  0  0  0  0  0  0  0  0  0  0  0  0  0  0  1.39577  0  0  0  0  0  2.75432  
0  0  0  0  0  0  0  0  0  0  0  0  0  0  0  0  0  0  0  0  0  0  0  0  0  0  0  0  0  0  0  0  0  0  0  0  0  0  0  0  0  0  0  0  0  0  0  0  0  0  0  0  0  0  0  0  0  0  0  0  0  0  0  0  0  3.26237  0  0  0  0  0  0  0  0  0  0  0  0  0  0  1.23  0  0  0  0  0  0  0  0  0  0  0  0  0  0  0  0  0  0  0  
0  0  0  0  0  0  0  0  0  0  0  0  0  0  0  0  0  0  0  0  0  0  0  0  0  0  0  0  0  0  0  0  0  0  0  0  0  0  0  0  0  0  0  0  0  0  0  0  0  0  0  0  0  0  0  0  0  0  0  0  0  0  0  0  0  0  0  0  0  0  0  0  0  0  0  0  0  2.08438  0  0  0  0  0  0  0  0  0  0  0  0  0  0  0  0  0  0  0  0  1.65186  0  
0  0  0  0  0  0  0  0  0  0  0  0  0  0  0  0  0  0  0  0  0  0  0  0  0  0  0  0  0  0  0  0  0  0  0  0  0  0  0  0  0  0  0  0  0  0  0  0  0  0  0  0  0  0  1.99027  2.55205  2.50585  0  0  0  0  2.93912  0  0  0  0  0  0  0  0  0  0  0  0  0  0  0  0  0  0  0  0  0  0  0  3.4468  0  3.19363  0  0  0  0  0  0  1.90359  0  0  0  0  0  
0  0  0  0  0  0  0  0  0  0  0  0  0  0  0  0  0  0  0  0  0  0  0  0  0  0  0  0  0  0  0  0  0  0  0  0  0  0  0  0  0  0  0  0  0  0  0  0  0  0  0  0  0  0  0  0  0  0  0  0  0  0  0  0  0  0  3.2003  2.84176  0  0  0  2.74023  0  0  0  0  3.49723  0  0  0  0  2.33012  0  0  1.56517  0  0  0  0  0  0  3.77682  3.3573  0  0  0  0  0  0  0  
0  0  0  0  0  0  0  0  0  0  0  0  0  0  0  0  0  0  0  0  0  0  0  0  0  0  0  0  0  0  0  0  0  0  0  0  0  0  0  0  0  0  0  0  0  0  0  0  0  0  0  0  0  0  0  0  0  0  0  0  0  0  0  0  3.94682  0  0  0  0  0  0  0  0  0  0  0  0  0  0  2.18433  0  0  0  0  0  0  0  0  0  0  0  0  0  0  0  2.67863  0  0  0  0  
0  0  0  0  0  0  0  0  0  0  0  0  0  0  0  0  0  0  0  0  0  0  0  0  0  0  0  0  0  0  0  0  0  0  0  0  0  0  0  0  0  0  0  0  0  0  0  0  0  0  0  0  0  0  0  0  0  3.5667  0  0  0  0  0  0  3.43353  0  0  0  0  0  0  0  0  0  0  0  0  0  0  0  0  0  0  0  0  0  0  0  0  3.45777  0  0  0  2.10071  0  0  0  0  0  1.59628  
0  0  0  0  0  0  0  0  0  0  0  0  0  0  0  0  0  0  0  0  0  0  0  0  0  0  0  0  0  0  0  0  0  0  0  0  0  0  0  0  0  0  0  0  0  0  0  0  0  0  0  0  0  0  0  0  0  0  0  0  0  0  0  0  0  0  0  0  0  0  0  0  0  0  3.69264  0  0  0  0  0  0  0  0  0  0  0  0  0  0  0  0  0  0  0  0  0  0  0  0  0  
0  0  0  0  0  0  0  0  0  0  0  0  0  0  0  0  0  0  0  0  0  0  0  0  0  0  0  0  0  0  0  0  0  0  0  0  0  0  0  0  0  0  0  0  0  0  0  0  0  0  0  0  0  0  0  0  0  0.902698  0  0  0  0  0  0  0  1.34097  0  0  0  3.07538  0  0  0  0  0  0  0  0  0  0  3.51318  0  0  0  0  0  0  0  0  1.71016  0  0  0  0  0  0  0  0  0  2.40559  
0  0  0  0  0  0  0  0  0  0  0  0  0  0  0  0  0  0  0  0  0  0  0  0  0  0  0  0  0  0  0  0  0  0  0  0  0  0  0  0  0  0  0  0  0  0  0  0  0  0  0  0  0  0  2.52822  0  3.35877  0  0  0  0  1.57921  0.683044  0  0  0  0  0  0  0  0  0  0  0  0  0  0  0  0  0  0  0  0  0  0  0  0  0  0  0  0  0  0  0  0  0  0  0  0  0  
0  0  0  0  0  0  0  0  0  0  0  0  0  0  0  0  0  0  0  0  0  0  0  0  0  0  0  0  0  0  0  0  0  0  0  0  0  0  0  0  0  0  0  0  0  0  0  0  0  0  0  0  0  0  0  0  0  0  0  3.84384  0  0  0  0  0  0  0  0  3.79549  0  3.95096  0  3.81458  0  0  2.40496  0  0  0  0  0  0  0  0  0  0  0.559757  0  0  0  0  0  0  0  0  0  0  2.85535  0  0  
0  0  0  0  0  0  0  0  0  0  0  0  0  0  0  0  0  0  0  0  0  0  0  0  0  0  0  0  0  0  0  0  0  0  0  0  0  0  0  0  0  0  0  0  0  0  0  0  0  0  0  0  0  0  0  3.03647  1.88624  0  0  0  0  0.950287  2.03287  0  0  0  0  0  0  0  0  0  0  0  0  0  0  0  0  0  0  0  0  0  0  0  0  0  0  0  0  0  0  0  3.77487  0  0  0  0  0  
0  0  0  0  0  0  0  0  0  0  0  0  0  0  0  0  0  0  0  0  0  0  0  0  0  0  0  0  0  0  0  0  0  0  0  0  0  0  0  0  0  0  0  0  0  0  0  0  0  0  0  0  0  0  0  0  1.52043  0  3.84541  0  0  3.60255  0  0  0  0  0  0  0  0  0  0  0  2.83998  0  0  0  0  0  0  0  0  3.11366  0  0  0  0  2.74568  0  0  3.70413  0  0  0  2.56989  0  0  0  0  0  
0  0  0  0  0  0  0  0  0  0  0  0  0  0  0  0  0  0  0  0  0  0  0  0  0  0  0  0  0  0  0  0  0  0  0  0  0  0  0  0  0  0  0  0  0  0  0  0  0  0  0  0  0  0  0  0  0  0  0  0  0  2.19439  3.21013  0  0  0  0  0  0  0  0  0  0  2.50205  0  0  0  0  3.91279  0  0  0  3.02974  0  0  0  0  0  0  0  0  0  0  0  3.48641  0  0  0  0  0  
0  0  0  0  0  0  0  0  0  0  0  0  0  0  0  0  0  0  0  0  0  0  0  0  0  0  0  0  0  0  0  0  0  0  0  0  0  0  0  0  0  0  0  0  0  0  0  0  0  0  0  0  0  0  0  0  0  0  0  0  0  0  0  0  0  1.71068  0  0  0  3.67714  0  0  0  0  0  0  0  0  0  0  3.30077  0  0  0  0  0  0  0  0  2.24336  0  0  0  0  0  0  0  0  0  2.01808  
0  0  0  0  0  0  0  0  0  0  0  0  0  0  0  0  0  0  0  0  0  0  0  0  0  0  0  0  0  0  0  0  0  0  0  0  0  0  0  0  0  0  0  0  0  0  0  0  0  0  0  0  0  0  0  0  0  0  0  0  0  0  0  0  0  0  0  0  0  0  0  0  0  0  0  0  0  0  0  0  0  0  0  0  0  2.48177  0  1.23434  0  0  0  0  0  2.7684  2.5138  0  0  0  0  0  
0  0  0  0  0  0  0  0  0  0  0  0  0  0  0  0  0  0  0  0  0  0  0  0  0  0  0  0  0  0  0  0  0  0  0  0  0  0  0  0  0  0  0  0  0  0  0  0  0  0  0  0  0  0  0  0  0  0  0  0  0  0  0  3.98424  0  0  0  0  3.99174  0  0  0  1.05091  0  2.56662  1.69538  0  0  0  0  0  0  0  2.04618  0  0  3.75794  0  0  0  0  0  0  0  0  0  1.34491  1.73571  0  0  
0  0  0  0  0  0  0  0  0  0  0  0  0  0  0  0  0  0  0  0  0  0  0  0  0  0  0  0  0  0  0  0  0  0  0  0  0  0  0  0  0  0  0  0  0  0  0  0  0  0  0  0  0  0  0  0  0  0  0  0  0  0  0  0  0  0  2.09944  0  1.05521  0  1.13458  2.43734  0  0  0  3.59992  0  0  0  0  0  0  0  3.44994  0  0  0  0  0  0  0  0  0  0  0  0  0  0  0  0  
0  0  0  0  0  0  0  0  0  0  0  0  0  0  0  0  0  0  0  0  0  0  0  0  0  0  0  0  0  0  0  0  0  0  0  0  0  0  0  0  0  0  0  0  0  0  0  0  0  0  0  0  0  0  0  0  0  0  0  0  0  0  1.13624  0  0  0  0  0  0  0  0  0  0  0  0  0  0  0  0  0  0  0  0  0  0  0  0  0  0  0  0  0  0  0  0  0  0  0  0  0  
0  0  0  0  0  0  0  0  0  0  0  0  0  0  0  0  0  0  0  0  0  0  0  0  0  0  0  0  0  0  0  0  0  0  0  0  0  0  0  0  0  0  0  0  0  0  0  0  0  0  0  0  0  0  0  0  0  0  0  0  0  0  0  0  0  0  0  0  0  0  0  0  0  0  0  0  0  0  0  0  0  0  0  0  0  0  0  0  0  0  0  0  0  0  0  0  0  0  0  0  
0  0  0  0  0  0  0  0  0  0  0  0  0  0  0  0  0  0  0  0  0  0  0  0  0  0  0  0  0  0  0  0  0  0  0  0  0  0  0  0  0  0  0  0  0  0  0  0  0  0  0  0  0  0  0  0  0  0  0  0  0  0  0  0  0  0  0  0  3.34543  0  0  0  3.08468  0  2.37836  0  0  0  0  0  0  0  0  2.20678  0  0  0  0  0  0  0  0  0  0  0  0  2.92176  0  0  0  
0  0  0  0  0  0  0  0  0  0  0  0  0  0  0  0  0  0  0  0  0  0  0  0  0  0  0  0  0  0  0  0  0  0  0  0  0  0  0  0  0  0  0  0  0  0  0  0  0  0  0  0  0  0  0  0  0  0  0  0  0  0  0  0  0  0  0  0  0  0  0  0  0  0  0  0  0  0  0  0  0  0  0  0  0  3.42311  0  0  0  0  0  0  0  0  0  3.00683  0  0  0  3.85407  
0  0  0  0  0  0  0  0  0  0  0  0  0  0  0  0  0  0  0  0  0  0  0  0  0  0  0  0  0  0  0  0  0  0  0  0  0  0  0  0  0  0  0  0  0  0  0  0  0  0  0  0  0  0  0  0  0  0  0  0  0  0  0  0  0  0  0  0  0  0  0  0  0  0  0  0  0  0  0  0  2.41809  0  0  0  0  0  0  0  0  2.93327  0  0  0  0  0  0  0  0  0  3.64309  
0  0  0  0  0  0  0  0  0  0  0  0  0  0  0  0  0  0  0  0  0  0  0  0  0  0  0  0  0  0  0  0  0  0  0  0  0  0  0  0  0  0  0  0  0  0  0  0  0  0  0  0  0  0  0  0  0  0  0  0  0  0  0  0  0  0  0  0  3.00016  0  0.965439  0.589374  0  0  0  0  3.91391  0  0  0  0  2.91668  0  0  3.7498  0  0  0  0  0  0  0  3.50962  0  0  0  0  0  0  0  
0  0  0  0  0  0  0  0  0  0  0  0  0  0  0  0  0  0  0  0  0  0  0  0  0  0  0  0  0  0  0  0  0  0  0  0  0  0  0  0  0  0  0  0  0  0  0  0  0  0  0  0  0  0  0  0  0  0  0  0  0  0  0  0  0  0  0  0  0  0  0  0  0  0  0  0  0  0  0  0  0  0  0  0  3.84387  0  0  0  0  0  0  0.944869  3.96071  0  0  0  0  0  0  0  
0  0  0  0  0  0  0  0  0  0  0  0  0  0  0  0  0  0  0  0  0  0  0  0  0  0  0  0  0  0  0  0  0  0  0  0  0  0  0  0  0  0  0  0  0  0  0  0  0  0  0  0  0  0  0  0  0  0  0  0  0  0  0  0  0  0  0  0  0  0  2.06126  3.41727  3.04865  0  0  2.74179  0  0  0  0  0  0  0  2.39529  0  0  0  0  0  0  0  0  0  0  0  0  0  0  0  0  
0  0  0  0  0  0  0  0  0  0  0  0  0  0  0  0  0  0  0  0  0  0  0  0  0  0  0  0  0  0  0  0  0  0  0  0  0  0  0  0  0  0  0  0  0  0  0  0  0  0  0  0  0  0  0  0  0  0  0  0  0  0  0  0  0  0  0  0  0  0  0  0  0  0  0  0  3.43669  0  0  0  0  0  0  0  0  0  0  0  3.73322  1.43484  0  0  0  0  0  0  0  0  0  3.24514  
0  0  0  0  0  0  0  0  0  0  0  0  0  0  0  0  0  0  0  0  0  0  0  0  0  0  0  0  0  0  0  0  0  0  0  0  0  0  0  0  0  0  0  0  0  0  0  0  0  0  0  0  0  0  0  0  0  0  0  0  0  0  0  0  0  0  0  0  0  0  0  1.3601  0  0  0  0  0  0  0  0  0  3.83891  0  0  0  0  0  0  0  0  0  0  3.72822  0  0  0  0  0  0  0  
0  0  0  0  0  0  0  0  0  0  0  0  0  0  0  0  0  0  0  0  0  0  0  0  0  0  0  0  0  0  0  0  0  0  0  0  0  0  0  0  0  0  0  0  0  0  0  0  0  0  0  0  0  0  0  0  0  0  0  0  0  0  0  0  0  0  0  0  0  0  0  0  0  0  0  0  3.98951  0  0  0  0  2.87087  0  0  3.48955  0  0  0  0  0  0  0  2.98374  0  0  0  0  0  0  0  
0  0  0  0  0  0  0  0  0  0  0  0  0  0  0  0  0  0  0  0  0  0  0  0  0  0  0  0  0  0  0  0  0  0  0  0  0  0  0  0  0  0  0  0  0  0  0  0  0  0  0  0  0  0  0  0  0  0  0  0  0  0  0  0  0  0  0  0  0  0  0  0  0  0  2.26625  1.41102  0  0  0  0  0  0  0  1.00579  0  0  3.8823  0  0  0  0  0  0  0  0  0  1.19636  2.48465  0  0  
0  0  0  0  0  0  0  0  0  0  0  0  0  0  0  0  0  0  0  0  0  0  0  0  0  0  0  0  0  0  0  0  0  0  0  0  0  0  0  0  0  0  0  0  0  0  0  0  0  0  0  0  0  0  0  0  0  0  0  0  0  0  0  0  0  0  0  0  0  0  0  0  0  0  0  0  0  0  1.77814  0  0  0  0.636869  0  0  0  0  0  0  0  2.09381  0  0  0  0  0  0  0  0  0  
0  0  0  0  0  0  0  0  0  0  0  0  0  0  0  0  0  0  0  0  0  0  0  0  0  0  0  0  0  0  0  0  0  0  0  0  0  0  0  0  0  0  0  0  0  0  0  0  0  0  0  0  0  0  0  0  0  0  0  0  0  0  0  0  0  0  0  0  0  0  0  0  0  0  0  3.67727  0  0  0  0  0  0  0  2.21539  0  0  0  0  0  0  0  0  0  0  0  0  1.22649  0  0  0  
0  0  0  0  0  0  0  0  0  0  0  0  0  0  0  0  0  0  0  0  0  0  0  0  0  0  0  0  0  0  0  0  0  0  0  0  0  0  0  0  0  0  0  0  0  0  0  0  0  0  0  0  0  0  0  0  0  0  0  0  0  0  0  0  0  0  0  0  0  0  0  0  0  0  0  0  0  0  0  0  0  0  0  1.94393  0  0  2.5068  0  0  0  0  0  0  0  0  0  2.5637  1.9243  0  0  
0  0  0  0  0  0  0  0  0  0  0  0  0  0  0  0  0  0  0  0  0  0  0  0  0  0  0  0  0  0  0  0  0  0  0  0  0  0  0  0  0  0  0  0  0  0  0  0  0  0  0  0  0  0  0  0  0  0  0  0  0  0  0  0  0  0  0  0  0  0  0  0  0  0  0  0  0  0  0  0  0  1.27015  0  0  2.20966  0  0  0  0  0  0  0  0  0  0  0  0  0  0  0  
0  0  0  0  0  0  0  0  0  0  0  0  0  0  0  0  0  0  0  0  0  0  0  0  0  0  0  0  0  0  0  0  0  0  0  0  0  0  0  0  0  0  0  0  0  0  0  0  0  0  0  0  0  0  0  0  0  0  0  0  0  0  0  0  0  0  0  0  0  0  0  0  0  0  0  0  0  0  0  0  0  0  0  0  0  0  0  0  0  0  0  0  0  0  0  0  0  0  3.66643  0  
0  0  0  0  0  0  0  0  0  0  0  0  0  0  0  0  0  0  0  0  0  0  0  0  0  0  0  0  0  0  0  0  0  0  0  0  0  0  0  0  0  0  0  0  0  0  0  0  0  0  0  0  0  0  0  0  0  0  0  0  0  0  0  0  0  0  0  0  0  0  0  0  0  0  0  0  0  0  0  0  0  0  1.85187  0  0  0  0  0  0  0  2.97616  0  0  0  0  0  0  0  0  0  
0  0  0  0  0  0  0  0  0  0  0  0  0  0  0  0  0  0  0  0  0  0  0  0  0  0  0  0  0  0  0  0  0  0  0  0  0  0  0  0  0  0  0  0  0  0  0  0  0  0  0  0  0  0  0  0  0  0  0  0  0  0  0  0  0  0  0  0  0  0  0  0  0  0  0  0  0  0  0  0  0  0  0  0  0  0  0  0  0  0  0  0  0  0  0  2.02576  0  0  0  0  
0  0  0  0  0  0  0  0  0  0  0  0  0  0  0  0  0  0  0  0  0  0  0  0  0  0  0  0  0  0  0  0  0  0  0  0  0  0  0  0  0  0  0  0  0  0  0  0  0  0  0  0  0  0  0  0  0  0  0  0  0  0  0  0  0  0  0  0  0  0  0  0  0  0  0  0  0  0  0  0  0  0  0  0  0  0  0  0  0  0  0  0  0  0  0  0  0  0  0  0  
0  0  0  0  0  0  0  0  0  0  0  0  0  0  0  0  0  0  0  0  0  0  0  0  0  0  0  0  0  0  0  0  0  0  0  0  0  0  0  0  0  0  0  0  0  0  0  0  0  0  0  0  0  0  0  0  0  0  0  0  0  0  0  0  0  0  0  0  0  0  0  0  0  0  0  0  0  0  0  0  0  0  0  0  1.42155  0  0  0  0  0  0  0  0  0  0  0  0  0  0  0  
0  0  0  0  0  0  0  0  0  0  0  0  0  0  0  0  0  0  0  0  0  0  0  0  0  0  0  0  0  0  0  0  0  0  0  0  0  0  0  0  0  0  0  0  0  0  0  0  0  0  0  0  0  0  0  0  0  0  0  0  0  0  0  0  0  0  0  0  0  0  0  0  0  0  0  0  0  0  0  0  0  0  0  0  0  0  0  0  0  0  1.48252  0  0  0  0  0  0  0  0  0  
0  0  0  0  0  0  0  0  0  0  0  0  0  0  0  0  0  0  0  0  0  0  0  0  0  0  0  0  0  0  0  0  0  0  0  0  0  0  0  0  0  0  0  0  0  0  0  0  0  0  0  0  0  0  0  0  0  0  0  0  0  0  0  0  0  0  0  0  0  0  0  0  0  0  0  0  0  0  0  0  0  0  0  0  0  0  0  0  0  0  0  0  0  0  0  0  1.63134  3.42981  0  0  
0  0  0  0  0  0  0  0  0  0  0  0  0  0  0  0  0  0  0  0  0  0  0  0  0  0  0  0  0  0  0  0  0  0  0  0  0  0  0  0  0  0  0  0  0  0  0  0  0  0  0  0  0  0  0  0  0  0  0  0  0  0  0  0  0  0  0  0  0  0  0  0  0  0  0  0  0  0  0  0  0  0  0  0  0  0  0  0  0  0  0  0  0  0  0  0  0  0  0  0  
0  0  0  0  0  0  0  0  0  0  0  0  0  0  0  0  0  0  0  0  0  0  0  0  0  0  0  0  0  0  0  0  0  0  0  0  0  0  0  0  0  0  0  0  0  0  0  0  0  0  0  0  0  0  0  0  0  0  0  0  0  0  0  0  0  0  0  0  0  0  0  0  0  0  0  0  0  0  0  0  0  0  0  0  0  0  0  2.24676  0  0  0  0  0  0  1.93625  0  0  0  0  0  
0  0  0  0  0  0  0  0  0  0  0  0  0  0  0  0  0  0  0  0  0  0  0  0  0  0  0  0  0  0  0  0  0  0  0  0  0  0  0  0  0  0  0  0  0  0  0  0  0  0  0  0  0  0  0  0  0  0  0  0  0  0  0  0  0  0  0  0  0  0  0  0  0  0  0  0  0  0  0  0  0  0  0  0  0  0  0  0  0  0  0  0  0  0  0  0  0  2.55051  0  0  
0  0  0  0  0  0  0  0  0  0  0  0  0  0  0  0  0  0  0  0  0  0  0  0  0  0  0  0  0  0  0  0  0  0  0  0  0  0  0  0  0  0  0  0  0  0  0  0  0  0  0  0  0  0  0  0  0  0  0  0  0  0  0  0  0  0  0  0  0  0  0  0  0  0  0  0  0  0  0  0  0  0  0  0  0  0  0  0  0  0  0  0  0  0  1.40445  0  0  0  0  0  
0  0  0  0  0  0  0  0  0  0  0  0  0  0  0  0  0  0  0  0  0  0  0  0  0  0  0  0  0  0  0  0  0  0  0  0  0  0  0  0  0  0  0  0  0  0  0  0  0  0  0  0  0  0  0  0  0  0  0  0  0  0  0  0  0  0  0  0  0  0  0  0  0  0  0  0  0  0  0  0  0  0  0  0  0  0  0  0  0  0  0  0  0  0  0  0  0  0  0  0  
0  0  0  0  0  0  0  0  0  0  0  0  0  0  0  0  0  0  0  0  0  0  0  0  0  0  0  0  0  0  0  0  0  0  0  0  0  0  0  0  0  0  0  0  0  0  0  0  0  0  0  0  0  0  0  0  0  0  0  0  0  0  0  0  0  0  0  0  0  0  0  0  0  0  0  0  0  0  0  0  0  0  0  0  0  0  0  0  0  0  0  0  0  0  0  0  0  0  0  2.15506  
0  0  0  0  0  0  0  0  0  0  0  0  0  0  0  0  0  0  0  0  0  0  0  0  0  0  0  0  0  0  0  0  0  0  0  0  0  0  0  0  0  0  0  0  0  0  0  0  0  0  0  0  0  0  0  0  0  0  0  0  0  0  0  0  0  0  0  0  0  0  0  0  0  0  0  0  0  0  0  0  0  0  0  0  0  0  0  0  0  0  0  0  0  0  0  0  0  3.99775  0  0  
0  0  0  0  0  0  0  0  0  0  0  0  0  0  0  0  0  0  0  0  0  0  0  0  0  0  0  0  0  0  0  0  0  0  0  0  0  0  0  0  0  0  0  0  0  0  0  0  0  0  0  0  0  0  0  0  0  0  0  0  0  0  0  0  0  0  0  0  0  0  0  0  0  0  0  0  0  0  0  0  0  0  0  0  0  0  0  0  0  0  0  0  0  0  0  0  0  0  0  0  
0  0  0  0  0  0  0  0  0  0  0  0  0  0  0  0  0  0  0  0  0  0  0  0  0  0  0  0  0  0  0  0  0  0  0  0  0  0  0  0  0  0  0  0  0  0  0  0  0  0  0  0  0  0  0  0  0  0  0  0  0  0  0  0  0  0  0  0  0  0  0  0  0  0  0  0  0  0  0  0  0  0  0  0  0  0  0  0  0  0  0  0  0  0  0  0  0  0  0  0  
0  0  0  0  0  0  0  0  0  0  0  0  0  0  0  0  0  0  0  0  0  0  0  0  0  0  0  0  0  0  0  0  0  0  0  0  0  0  0  0  0  0  0  0  0  0  0  0  0  0  0  0  0  0  0  0  0  0  0  0  0  0  0  0  0  0  0  0  0  0  0  0  0  0  0  0  0  0  0  0  0  0  0  0  0  0  0  0  0  0  0  0  0  0  0  0  0  0  0  3.69315  
0  0  0  0  0  0  0  0  0  0  0  0  0  0  0  0  0  0  0  0  0  0  0  0  0  0  0  0  0  0  0  0  0  0  0  0  0  0  0  0  0  0  0  0  0  0  0  0  0  0  0  0  0  0  0  0  0  0  0  0  0  0  0  0  0  0  0  0  0  0  0  0  0  0  0  0  0  0  0  0  0  0  0  0  0  0  0  0  0  0  0  0  0  0  0  0  0  0  0  0  
0  0  0  0  0  0  0  0  0  0  0  0  0  0  0  0  0  0  0  0  0  0  0  0  0  0  0  0  0  0  0  0  0  0  0  0  0  0  0  0  0  0  0  0  0  0  0  0  0  0  0  0  0  0  0  0  0  0  0  0  0  0  0  0  0  0  0  0  0  0  0  0  0  0  0  0  0  0  0  0  0  0  0  0  0  0  0  0  0  0  0  0  0  0  0  0  0  0  0  0  
0  0  0  0  0  0  0  0  0  0  0  0  0  0  0  0  0  0  0  0  0  0  0  0  0  0  0  0  0  0  0  0  0  0  0  0  0  0  0  0  0  0  0  0  0  0  0  0  0  0  0  0  0  0  0  0  0  0  0  0  0  0  0  0  0  0  0  0  0  0  0  0  0  0  0  0  0  0  0  0  0  0  0  0  0  0  0  0  0  0  0  0  0  0  0  0  0  3.07978  0  0  
0  0  0  0  0  0  0  0  0  0  0  0  0  0  0  0  0  0  0  0  0  0  0  0  0  0  0  0  0  0  0  0  0  0  0  0  0  0  0  0  0  0  0  0  0  0  0  0  0  0  0  0  0  0  0  0  0  0  0  0  0  0  0  0  0  0  0  0  0  0  0  0  0  0  0  0  0  0  0  0  0  0  0  0  0  0  0  0  0  0  0  0  0  0  0  0  0  0  0  0  
0  0  0  0  0  0  0  0  0  0  0  0  0  0  0  0  0  0  0  0  0  0  0  0  0  0  0  0  0  0  0  0  0  0  0  0  0  0  0  0  0  0  0  0  0  0  0  0  0  0  0  0  0  0  0  0  0  0  0  0  0  0  0  0  0  0  0  0  0  0  0  0  0  0  0  0  0  0  0  0  0  0  0  0  0  0  0  0  0  0  0  0  0  0  0  0  0  0  0  0  
0  0  0  0  0  0  0  0  0  0  0  0  0  0  0  0  0  0  0  0  0  0  0  0  0  0  0  0  0  0  0  0  0  0  0  0  0  0  0  0  0  0  0  0  0  0  0  0  0  0  0  0  0  0  0  0  0  0  0  0  0  0  0  0  0  0  0  0  0  0  0  0  0  0  0  0  0  0  0  0  0  0  0  0  0  0  0  0  0  0  0  0  0  0  0  0  0  0  0  0  
