0.184942  16.0967
16.1406  11.1411
15.3417  1.33183
18.9813  14.9858
2.68624  14.7337
16.2609  19.3292
15.2098  18.197
9.68169  6.8862
11.3004  6.95822
12.3374  11.984
17.1685  4.81887
15.5278  2.60323
13.2145  7.53685
11.0898  15.9008
19.9731  7.50755
9.85504  5.32853
9.24223  2.85775
6.86728  7.48497
16.0448  4.0791
13.9824  6.81234
17.0251  1.3245
10.4764  6.27216
10.922  5.49638
12.2861  2.12653
6.73605  6.24531
10.5081  10.9391
15.2141  0.00976592
19.7803  6.93258
9.28373  11.2223
7.1688  17.821
9.05362  19.7986
2.19367  17.2448
17.0147  18.0462
18.6059  1.92816
19.0521  10.1096
8.55068  11.6971
16.9158  17.0812
19.7375  0.46144
7.74804  0.899075
16.245  16.3103
16.3182  10.1621
13.5789  18.8263
15.5669  0.976592
8.62026  11.7539
1.10172  15.9795
15.0731  19.1485
15.2672  14.6385
5.04959  3.11533
6.39668  17.973
7.41478  11.2918
18.8995  0.813013
3.51024  12.1647
19.7845  14.7215
10.8853  6.3741
17.2564  14.7038
15.6652  12.1177
17.0061  12.8343
4.17249  12.7781
11.8247  11.9224
14.4371  4.90432
10.1596  2.33894
18.2061  14.6715
19.2425  15.1372
14.0916  0.935087
8.40968  14.5781
2.47932  13.0222
8.24854  3.20811
2.81198  1.36357
11.1844  2.59041
3.88501  9.11222
9.13724  2.8309
7.77734  2.85409
13.881  4.01257
18.0358  10.5539
15.7115  2.67647
12.7427  4.84634
6.07074  6.46016
13.0955  19.8071
19.7351  10.0302
8.11426  19.3225
2.19916  15.4241
6.1092  5.19059
17.8857  9.935
13.5313  3.06955
4.7908  4.65896
11.8284  14.4041
11.2101  6.83004
12.9398  12.4516
0.151982  9.07376
4.04004  10.5387
17.0763  8.69289
2.17475  0.665914
6.57369  0.123905
9.39604  10.5936
13.6235  13.6784
9.03653  17.5188
15.0359  3.70006
13.7382  6.49312
16.7211  19.2615
5.86688  11.6819
