0  0  0  0  0  0  0  0  0  0  0  0  0  0  0  0  0  0  0  0  0  0  0  0  0  0  0  0  0  0  0  2.31368  0  0  0  0  0  0  0  0  0  0  0  0  0.924239  0  0  0  0  0  0  0  0  0  0  0  0  0  0  0  0  0  0  0  0  3.83624  0  0  0  0  0  0  0  0  0  0  0  0  0  0  2.12355  0  0  0  0  0  0  0  0  0  0  0  0  0  0  0  0  0  0  0  
0  0  0  0  0  0  0  0  0  0  0  0  4.64249  0  0  0  0  0  0  4.83694  0  0  0  0  0  0  0  0  0  0  0  0  0  0  3.08882  0  0  0  0  0  0.994979  0  0  0  0  0  3.60481  0  0  0  0  0  0  0  3.73334  1.08616  1.90158  0  4.38605  0  0  4.09023  0  0  0  0  0  0  0  0  0  0  0  1.98408  0  0  0  0  3.76225  0  0  0  2.12133  0  0  0  0  3.45869  0  0  2.62093  0  0  0  3.57403  0  0  0  0  0  
0  0  0  0  0  0  0  0  0  0  3.93658  1.28495  0  0  0  0  0  0  2.83581  0  1.68342  0  0  3.15725  0  0  1.32821  0  0  0  0  0  0  3.31822  0  0  0  4.48114  0  0  0  0  0.420606  0  0  0  0  0  0  0  3.59543  0  0  0  0  0  0  0  0  3.68524  0  0  0  1.31155  0  0  0  0  4.34364  0  0  0  3.05287  0  1.39456  4.37111  0  0  0  0  0  0  0  2.50943  0  0  0  0  0  0  0  0  0  0  0  0  2.38789  0  0  0  
0  0  0  0  0  0  0  0  0  0  0  0  0  0  0  0  0  0  0  0  0  0  0  0  0  0  0  0  0  0  0  0  3.6378  0  4.87671  0  2.94228  0  0  3.04001  0  0  0  0  0  0  3.7303  0  0  0  0  0  0.845568  0  1.7478  4.38435  2.92068  0  0  0  0  0.836492  0.301906  0  0  0  0  0  0  0  0  0  0  4.53163  0  0  0  0  0  0  0  0  0  0  0  0  0  0  0  0  0  0  0  0  0  0  0  0  4.83633  0  
0  0  0  0  0  0  0  0  0  0  0  0  0  0  0  0  0  0  0  0  0  0  0  0  0  0  0  0  0  0  0  2.55895  0  0  0  0  0  0  0  0  0  0  0  0  2.01562  0  0  0  4.92549  0  0  2.69791  0  0  0  0  0  2.45628  0  0  0  0  0  0  0  1.72396  0  0  0  0  0  0  0  0  0  0  0  0  0  0  0.844925  0  0  0  0  0  0  0  0  4.40804  0  0  0  0  0  0  0  0  0  4.40794  
0  0  0  0  0  0  0  0  0  0  0  0  0  0  0  0  0  0  0  0  0  0  0  0  0  0  0  0  0  0  0  0  1.48805  0  0  0  2.34145  0  0  3.01894  0  2.72874  0  0  0  1.20147  4.7948  0  0  0  0  0  0  0  4.73132  0  0  0  0  0  0  0  0  0  0  0  0  0  0  0  0  0  0  0  0  0  0  3.20127  0  0  0  0  0  0  0  0  0  0  0  0  0  0  0  0  0  0  0  0  0.465153  0  
0  0  0  0  0  0  0  0  0  0  0  0  0  4.71667  0  0  0  0  0  0  0  0  0  0  0  0  0  0  0  0  0  0  1.81119  0  0  0  2.03849  0  0  2.15204  0  1.7481  0  0  0  0.96127  3.55896  0  0  0  0  0  0  0  4.04858  0  0  0  0  0  0  4.62677  0  0  0  0  0  0  0  0  0  0  0  0  0  0  0  2.65757  0  0  0  0  0  0  0  0  0  0  0  0  0  0  0  0  4.78896  0  0  0  1.84856  0  
0  0  0  0  0  0  0  0  0  0  0  0  3.59223  0  0  1.56729  4.05235  2.8774  0  4.30134  0  1.0043  1.86279  0  3.01455  4.1363  0  0  4.35432  0  0  0  0  0  0  4.94206  0  0  0  0  0  0  0  4.98208  0  0  0  0  0  4.95461  0  0  0  1.30802  0  0  0  0  0  0  4.5723  0  0  0  0  0  3.94744  0  4.55104  0  4.09168  4.4592  0  0  0  3.67843  3.636  0  0  0  0  3.95446  0  0  0  0  1.52944  0  0  0  0  0  0  3.71839  0  0  0  4.07551  0  0  
0  0  0  0  0  0  0  0  0  0  0  0  1.99965  0  0  2.17829  4.58802  4.4643  0  2.68596  0  1.07222  1.51002  4.93121  4.61969  4.05896  0  0  4.71692  0  0  0  0  0  0  0  0  0  0  0  0  0  0  0  0  0  0  0  0  0  0  0  0  0.716592  0  0  0  0  4.99179  3.74932  4.75806  0  0  0  0  0  4.83499  0  4.36935  0  4.65983  0  3.91617  0  0  2.55739  0  0  0  0  0  0  0  4.48315  0  0  0.156794  0  0  0  0  0  0  4.10397  0  0  4.95677  2.48177  0  0  
0  0  0  0  0  0  0  0  0  0  0  0  4.53282  4.1107  0  0  0  0  0  0  0  0  0  0  0  2.10669  0  0  3.14723  0  0  0  0  0  0  3.79757  0  0  0  0  4.37791  0  0  3.72426  0  0  3.95349  0  0  4.97105  0  0  0  0  0  3.33048  4.7455  0  0.516387  0  0  0  0  0  4.70705  0  0  0  0  0  0  0  0  0  0  0  0  0  0  0  0  0  0  0  0  2.47305  0  0.762585  0  0  0  0  0  3.25343  2.12722  0  0  0  0  0  
0  0  0  0  0  0  0  0  0  0  0  2.75698  4.79808  0  3.8852  0  0  0  1.34535  3.75834  3.49731  0  0  0  0  0  0  3.35995  0  0  0  0  0  3.22836  0  0  0  0  0  0  0  0  4.16272  0  0  0  0  0  0  0  4.36386  0  0  0  0  0  0  0  0  2.73274  0  0  0  4.95491  0  0  0  0  0  0  0  0  3.38493  0  2.59089  4.42589  0  0  0  0  0  0  0  4.03601  0  0  0  0  0  0  3.87512  0  0  0  0  0  2.40826  3.81708  0  0  
0  0  0  0  0  0  0  0  0  0  0  0  0  0  0  0  0  0  1.5638  4.48385  1.96902  0  0  3.27656  0  0  2.61237  0  0  0  0  0  0  3.15126  0  0  0  4.72322  0  0  0  0  1.62711  0  0  0  0  0  0  0  3.81749  0  0  0  0  0  0  0  0  2.5465  0  0  0  2.20122  0  0  0  0  4.34342  0  0  0  2.16753  0  0.197762  3.57608  0  0  0  0  0  0  0  2.05024  0  0  0  0  0  0  0  0  0  0  0  0  1.20208  4.28181  0  0  
0  0  0  0  0  0  0  0  0  0  0  0  0  0  0  4.02028  0  0  4.4684  1.05574  0  3.01606  3.06905  0  0  4.3474  0  0  0  0  0  0  0  0  0  0  0  0  0  0  4.06508  0  0  0  0  0  0  0  0  0  0  0  0  2.6033  0  0  0  0  4.6005  2.90258  0  0  0  0  0  0  0  0  0  0  0  0  3.58675  0  0  2.73156  0  0  0  0  0  0  0  4.47852  0  0  2.12537  4.92242  0  0  4.03112  0  0  4.89125  0  0  4.24717  1.16775  0  0  
0  0  0  0  0  0  0  0  0  0  0  0  0  0  0  0  0  0  0  0  0  0  0  0  0  4.99568  0  0  0  4.36594  4.3976  0  0  0  0  4.91103  0  0  0  0  0  3.84112  0  4.82653  0  0  4.36395  0  0  0  0  0  0  0  0  0  0  0  4.04571  0  0  0  0  0  2.98874  0  0  0  0  0  0  0  0  0  0  0  0  4.39113  0  4.53452  0  0  0  0  0  1.66902  0  3.91401  0  0  0  0  0  0  3.37027  2.61416  0  0  0  0  
0  0  0  0  0  0  0  0  0  0  0  0  0  0  0  0  0  0  0  0  0  0  0  0  0  0  0  0.606434  0  0  0  0  0  0  2.76024  0  0  0  0  0  4.51718  0  0  0  0  0  0  0  0  0  0  0  0  0  0  0  0  0  0  0  0  0  0  0  0  0  0  0  0  0  0  0  0  3.61018  0  0  0  0  2.53385  0  0  0  3.20152  0  0  0  0  0  0  0  3.12993  0  0  0  0  0  0  0  0  0  
0  0  0  0  0  0  0  0  0  0  0  0  0  0  0  0  2.54564  3.68469  0  4.38598  0  1.12983  1.08008  4.02031  3.25094  0  0  0  0  0  0  0  0  0  0  0  0  0  4.90505  0  0  0  0  0  0  0  0  0  0  0  0  0  0  1.46787  0  0  0  0  0  4.60165  3.00506  0  0  0  0  0  2.66027  0  3.04376  0  2.59873  3.23105  4.23558  0  0  2.92764  3.94988  0  0  0  0  3.74838  0  4.31484  0  0  2.02255  0  0  0  0  0  0  0  0  0  0  4.05404  0  0  
0  0  0  0  0  0  0  0  0  0  0  0  0  0  0  0  0  0  0  0  0  3.63062  3.12794  3.13047  4.21385  0  0  0  0  0  0  0  0  0  0  0  0  0  2.46354  0  0  0  0  0  0  0  0  4.20054  0  0  0  0  0  3.88129  0  0  0  0  0  0  1.05391  0  0  0  0  0  1.05365  0  1.96048  0  0.108369  1.46489  4.78036  0  0  4.02589  4.79955  0  0  0  0  3.90615  0  4.2943  4.80204  0  4.43301  0  0  0  0  0  3.82034  0  0  0  0  0  0  0  
0  0  0  0  0  0  0  0  0  0  0  0  0  0  0  0  0  0  0  0  0  3.80745  4.51611  0  1.24659  0  0  0  4.45049  0  0  0  0  0  0  4.53606  0  0  0  0  0  0  0  4.61484  0  0  0  4.73263  0  3.846  0  0  0  4.16875  0  0  0  0  0  0  0  0  0  0  0  0  4.49438  0  0  3.39733  0  4.71946  0  0  0  0  1.29796  0  0  0  0  2.41637  0  0  3.50686  0  4.39193  0  0  4.16156  0  0  0  4.00727  0  0  0  0  0  4.31451  
0  0  0  0  0  0  0  0  0  0  0  0  0  0  0  0  0  0  0  3.42405  2.92383  0  0  4.23561  0  0  4.15326  4.70067  0  0  0  0  0  3.34451  0  0  0  0  0  0  0  0  3.1391  0  0  0  0  0  0  0  4.33781  0  0  0  0  0  0  0  0  1.80712  0  0  0  3.70133  0  0  0  0  0  0  0  0  2.16482  0  1.44169  3.39006  0  0  0  0  0  0  0  2.70867  0  0  0  0  0  0  4.72769  0  0  0  0  0  1.07775  3.33885  0  0  
0  0  0  0  0  0  0  0  0  0  0  0  0  0  0  0  0  0  0  0  0  3.54737  3.33134  4.9834  0  0  0  0  0  0  0  0  0  0  0  0  0  0  0  0  4.08373  0  0  0  0  0  0  0  0  0  0  0  0  3.12795  0  0  0  0  0  1.96145  0  0  0  0  0  0  0  0  0  0  0  0  2.80161  0  4.48277  2.32422  0  0  0  0  0  0  4.99868  3.76988  0  0  2.77236  0  0  0  3.62059  0  0  0  0  0  3.28575  0.401914  0  0  
0  0  0  0  0  0  0  0  0  0  0  0  0  0  0  0  0  0  0  0  0  0  0  4.80639  0  0  2.23791  0  0  0  0  0  0  1.69214  0  0  0  2.8464  0  0  0  0  1.49913  0  0  0  0  0  0  0  1.94293  0  0  0  0  0  0  0  0  4.41734  0  0  0  2.95923  0  0  0  0  0  0  0  0  4.13655  0  1.88504  0  0  0  0  0  0  0  0  3.90536  0  0  0  0  0  0  0  0  0  0  0  0  3.09842  0  0  0  
0  0  0  0  0  0  0  0  0  0  0  0  0  0  0  0  0  0  0  0  0  0  0.894647  4.52341  3.74045  4.66705  0  0  0  0  0  0  0  0  0  0  0  0  0  0  0  0  0  0  0  0  0  0  0  0  0  0  0  0.421415  0  0  0  0  0  4.19024  3.94596  0  0  0  0  0  3.78837  0  3.74921  0  3.69264  4.35524  4.0862  0  0  2.67751  4.40967  0  0  0  0  4.49914  0  4.42596  0  0  0.921708  0  0  0  0  0  0  4.45444  0  0  0  3.26928  0  0  
0  0  0  0  0  0  0  0  0  0  0  0  0  0  0  0  0  0  0  0  0  0  0  3.63547  4.25242  0  0  0  0  0  0  0  0  0  0  0  0  0  0  0  0  0  0  0  0  0  0  0  0  0  0  0  0  0.878487  0  0  0  0  0  3.56461  3.24818  0  0  0  0  0  3.51903  0  2.91779  0  3.20783  4.10738  3.31019  0  0  1.93326  4.94607  0  0  0  0  4.8225  0  3.56342  0  0  1.36442  0  0  0  0  0  0  0  0  0  4.48898  2.98739  0  0  
0  0  0  0  0  0  0  0  0  0  0  0  0  0  0  0  0  0  0  0  0  0  0  0  0  0  3.61301  0  0  0  0  0  0  0  0  0  0  0  4.70113  0  0  0  3.47649  0  0  0  0  0  0  0  0  0  0  4.47259  0  0  0  0  0  3.51325  2.13708  0  0  2.16318  0  0  4.17992  0  1.19538  0  3.22668  4.56708  2.46999  0  3.46926  2.75787  0  0  0  0  0  0  0  1.56199  0  0  4.82502  0  0  0  0  0  0  0  0  0  3.16819  4.60171  0  0  
0  0  0  0  0  0  0  0  0  0  0  0  0  0  0  0  0  0  0  0  0  0  0  0  0  0  0  0  0  0  0  0  0  0  0  0  0  0  0  0  0  0  0  0  0  0  0  3.55541  0  0  0  0  0  4.15125  0  0  0  0  0  0  0  0  0  0  0  0  3.39296  0  0  4.04322  4.1742  3.54749  0  0  0  0  0.699141  0  0  0  0  1.22694  0  0  2.51008  0  4.5121  0  0  0  0  0  0  0  0  0  0  0  0  0  
0  0  0  0  0  0  0  0  0  0  0  0  0  0  0  0  0  0  0  0  0  0  0  0  0  0  0  0  1.2567  0  0  0  0  0  0  2.09906  0  0  0  0  0  0  0  2.05617  0  0  0  0  0  3.11336  0  0  0  4.58056  0  0  0  0  1.64326  0  0  0  0  0  4.20068  0  0  0  0  0  0  0  0  0  0  0  0  0  0  0  0  0  0  0  0  3.70802  4.16859  2.86371  0  0  0  0  0  1.16449  4.14843  0  0  0  0  4.70028  
0  0  0  0  0  0  0  0  0  0  0  0  0  0  0  0  0  0  0  0  0  0  0  0  0  0  0  0  0  0  0  0  0  3.89673  0  0  0  4.54589  0  0  0  0  1.02918  0  0  0  0  0  0  0  3.77192  0  0  0  0  0  0  0  0  4.95584  0  0  0  1.45473  0  0  0  0  4.78521  0  0  0  4.21896  0  2.7127  0  0  0  0  0  0  0  0  3.492  0  0  0  0  0  0  0  0  0  0  0  0  3.69459  0  0  0  
0  0  0  0  0  0  0  0  0  0  0  0  0  0  0  0  0  0  0  0  0  0  0  0  0  0  0  0  0  0  0  0  0  0  3.25941  0  0  0  0  0  4.73455  0  0  0  0  0  0  0  0  0  0  0  0  0  0  0  0  0  0  0  0  0  0  0  0  0  0  0  0  0  0  0  0  4.01961  0  0  0  0  3.09795  0  0  0  3.55022  0  0  0  0  0  0  0  3.2265  0  0  0  0  0  0  0  0  0  
0  0  0  0  0  0  0  0  0  0  0  0  0  0  0  0  0  0  0  0  0  0  0  0  0  0  0  0  0  0  0  0  0  0  0  0.873383  0  0  0  0  0  0  0  0.850171  0  0  0  0  0  1.87024  0  0  0  0  0  0  0  0  2.63565  0  0  0  0  0  3.46776  0  0  0  0  0  0  0  0  0  0  0  0  0  0  0  0  0  0  0  0  4.07421  4.79613  3.8572  0  0  0  0  0  0.638653  4.98659  0  0  0  0  3.44762  
0  0  0  0  0  0  0  0  0  0  0  0  0  0  0  0  0  0  0  0  0  0  0  0  0  0  0  0  0  0  2.73193  0  0  0  0  0  0  0  0  0  0  0  0  0  0  0  0  0  0.786939  0  0  0  0  0  0  0  0  0  0  0  0  0  0  0  3.4722  0  0  0  0  0  0  0  0  0  0  0  0  0  0  1.77437  0  0  0  0  0  0  0  0  0  0  0  0  0  0  0  1.89202  0  0  0  0  
0  0  0  0  0  0  0  0  0  0  0  0  0  0  0  0  0  0  0  0  0  0  0  0  0  0  0  0  0  0  0  0  0  0  0  0  0  0  0  0  0  4.62856  0  0  0  0  0  0  3.22369  0  0  0  0  0  0  0  0  0  0  0  0  0  0  0  0  0  0  0  0  0  0  0  0  0  0  0  0  4.04189  0  1.05312  0  0  0  0  0  0  0  0  0  0  0  0  0  0  0  2.27986  0  0  0  0  
0  0  0  0  0  0  0  0  0  0  0  0  0  0  0  0  0  0  0  0  0  0  0  0  0  0  0  0  0  0  0  0  0  0  0  0  0  0  0  0  0  0  0  0  1.67133  0  0  0  4.26563  0  0  0  0  0  0  0  0  4.8854  0  0  0  0  0  0  0  4.23225  0  0  0  0  0  0  0  0  0  0  0  0  0  0  1.82071  0  0  0  0  0  0  0  0  0  0  0  0  0  0  0  0  0  0  0  
0  0  0  0  0  0  0  0  0  0  0  0  0  0  0  0  0  0  0  0  0  0  0  0  0  0  0  0  0  0  0  0  0  0  0  0  0.970055  0  0  1.89889  0  3.52325  0  0  0  2.23268  3.82964  0  0  0  0  0  4.32729  0  3.35113  0  0  0  0  0  0  3.57883  3.66407  0  0  0  0  0  0  0  0  0  0  0  0  0  0  4.29661  0  0  0  0  0  0  0  0  0  0  0  0  0  0  0  0  0  0  0  0  1.25026  0  
0  0  0  0  0  0  0  0  0  0  0  0  0  0  0  0  0  0  0  0  0  0  0  0  0  0  0  0  0  0  0  0  0  0  0  0  0  1.85251  0  0  0  0  3.18449  0  0  0  0  0  0  0  1.15315  0  0  0  0  0  0  0  0  0  0  0  0  4.62224  0  0  0  0  0  0  0  0  0  0  2.98957  0  0  0  0  0  0  0  0  0  0  0  0  0  0  0  0  0  0  0  0  0  3.98554  0  0  0  
0  0  0  0  0  0  0  0  0  0  0  0  0  0  0  0  0  0  0  0  0  0  0  0  0  0  0  0  0  0  0  0  0  0  0  0  0  0  0  0  2.7344  0  0  0  0  0  0  0  0  0  0  0  4.66969  0  4.93267  3.93746  3.40736  0  0  0  0  4.63968  0  0  0  0  0  0  0  0  0  0  0  1.10917  0  0  0  0  0.6876  0  0  0  1.1794  0  0  0  0  0  0  0  2.43122  0  0  0  0  0  0  0  0  0  
0  0  0  0  0  0  0  0  0  0  0  0  0  0  0  0  0  0  0  0  0  0  0  0  0  0  0  0  0  0  0  0  0  0  0  0  0  0  0  0  0  0  0  0.0898199  0  0  0  0  0  1.20604  0  0  0  0  0  0  0  4.50967  3.28176  0  0  0  0  0  2.88445  0  0  0  0  0  0  0  0  0  0  0  0  0  0  0  0  0  0  0  0  4.25103  0  4.4535  0  4.65701  0  0  0  1.39009  0  0  0  0  0  2.68384  
0  0  0  0  0  0  0  0  0  0  0  0  0  0  0  0  0  0  0  0  0  0  0  0  0  0  0  0  0  0  0  0  0  0  0  0  0  0  0  1.02189  0  3.76567  0  0  0  2.76935  2.94698  0  0  0  0  0  3.71452  0  2.40167  0  4.24786  0  0  0  0  2.73341  3.03194  0  0  0  0  0  0  0  0  0  0  0  0  0  0  4.6931  0  0  0  0  0  0  0  0  0  0  0  0  0  0  0  0  4.7348  0  0  0  2.18898  0  
0  0  0  0  0  0  0  0  0  0  0  0  0  0  0  0  0  0  0  0  0  0  0  0  0  0  0  0  0  0  0  0  0  0  0  0  0  0  0  0  0  0  4.2023  0  0  0  0  0  0  0  0.908762  0  0  0  0  0  0  0  0  0  0  0  0  0  0  0  0  0  0  0  0  0  0  0  4.59511  0  0  0  0  0  0  0  0  0  0  0  0  0  0  0  0  0  0  0  0  0  0  0  0  0  
0  0  0  0  0  0  0  0  0  0  0  0  0  0  0  0  0  0  0  0  0  0  0  0  0  0  0  0  0  0  0  0  0  0  0  0  0  0  0  0  0  0  0  0  0  0  0  3.49191  0  0  0  0  0  0  0  0  0  0  0  0  2.80871  0  0  0  0  0  2.36266  4.95787  3.83004  0  2.37946  1.95523  0  0  0  0  0  0  0  0  0  4.59379  0  0  4.78351  0  0  0  0  0  0  0  1.40712  0  0  0  0  0  0  0  
0  0  0  0  0  0  0  0  0  0  0  0  0  0  0  0  0  0  0  0  0  0  0  0  0  0  0  0  0  0  0  0  0  0  0  0  0  0  0  0  0  3.66583  0  0  0  3.07062  1.93675  0  0  0  0  0  3.87974  0  1.89836  4.2325  3.55835  0  0  0  0  2.5557  3.21888  0  0  0  0  0  0  0  0  0  0  0  0  0  0  4.70606  0  0  0  0  0  0  0  4.8104  0  0  0  0  0  0  0  0  3.71472  0  0  0  2.98936  0  
0  0  0  0  0  0  0  0  0  0  0  0  0  0  0  0  0  0  0  0  0  0  0  0  0  0  0  0  0  0  0  0  0  0  0  0  0  0  0  0  0  0  0  0  0  0  4.59813  0  0  0  0  0  0  0  4.63759  2.06174  2.75932  0  4.82599  0  0  4.88865  0  0  0  0  0  0  0  0  0  0  0  1.76172  0  0  0  0  3.41944  0  0  0  1.58387  0  0  0  0  4.0811  0  0  1.65327  0  0  0  4.4301  0  0  4.48529  0  0  
0  0  0  0  0  0  0  0  0  0  0  0  0  0  0  0  0  0  0  0  0  0  0  0  0  0  0  0  0  0  0  0  0  0  0  0  0  0  0  0  0  0  0  0  0  1.52854  4.51531  0  0  0  0  0  0  0  0  0  0  0  0  0  0  0  0  0  0  0  0  0  0  0  0  0  0  0  0  0  0  1.09346  0  0  0  0  0  0  0  4.75606  0  0  0  0  0  0  0  0  0  4.7268  0  0  3.17219  0  
0  0  0  0  0  0  0  0  0  0  0  0  0  0  0  0  0  0  0  0  0  0  0  0  0  0  0  0  0  0  0  0  0  0  0  0  0  0  0  0  0  0  0  0  0  0  0  0  0  0  3.33661  0  0  0  0  0  0  0  0  4.08699  0  0  0  1.47588  0  0  0  0  4.67019  0  0  0  3.47267  0  1.70602  4.79073  0  0  0  0  0  0  0  2.91961  0  0  0  0  0  0  0  0  0  0  0  0  2.77475  0  0  0  
0  0  0  0  0  0  0  0  0  0  0  0  0  0  0  0  0  0  0  0  0  0  0  0  0  0  0  0  0  0  0  0  0  0  0  0  0  0  0  0  0  0  0  0  0  0  0  0  0  1.29101  0  0  0  0  0  0  0  4.56417  3.20887  0  0  0  0  0  2.83204  0  0  0  0  0  0  0  0  0  0  0  0  0  0  0  0  0  0  0  0  4.16122  0  4.37552  0  4.73868  0  0  0  1.39575  0  0  0  0  0  2.75432  
0  0  0  0  0  0  0  0  0  0  0  0  0  0  0  0  0  0  0  0  0  0  0  0  0  0  0  0  0  0  0  0  0  0  0  0  0  0  0  0  0  0  0  0  0  0  0  0  0  0  0  4.5115  0  0  0  0  0  4.43606  0  0  0  0  0  0  0  3.26242  0  0  0  0  0  0  0  0  0  0  0  0  0  0  1.22998  0  0  0  0  0  0  0  0  0  0  0  0  0  0  0  0  0  0  0  
0  0  0  0  0  0  0  0  0  0  0  0  0  0  0  0  0  0  0  0  0  0  0  0  0  0  0  0  0  0  0  0  0  0  0  0  0  0  0  0  0  0  0  0  0  0  4.51417  0  0  0  0  0  0  0  4.95199  0  0  0  0  0  0  0  0  0  0  0  0  0  0  0  0  0  0  0  0  0  0  2.08438  0  0  0  0  0  0  0  0  0  0  0  0  0  0  0  0  0  0  0  0  1.65187  0  
0  0  0  0  0  0  0  0  0  0  0  0  0  0  0  0  0  0  0  0  0  0  0  0  0  0  0  0  0  0  0  0  0  0  0  0  0  0  0  0  0  0  0  0  0  0  0  0  0  0  0  0  4.51806  0  1.99027  2.55203  2.50578  0  4.38497  0  0  2.93909  4.00646  0  0  0  0  0  0  0  0  0  0  4.93448  0  0  0  0  0  0  0  0  0  0  0  3.44678  0  3.19364  0  0  0  0  0  0  1.90356  0  0  0  4.84623  0  
0  0  0  0  0  0  0  0  0  0  0  0  0  0  0  0  0  0  0  0  0  0  0  0  0  0  0  0  0  0  0  0  0  0  0  0  0  0  0  0  0  0  0  0  0  0  0  0  0  0  0  0  0  0  0  0  0  0  0  0  0  0  0  0  0  0  3.2003  2.84175  0  0  4.09753  2.74023  0  0  0  0  3.49723  0  0  0  0  2.33012  0  0  1.56517  0  0  0  0  0  0  3.77682  3.35731  0  0  0  0  0  0  0  
0  0  0  0  0  0  0  0  0  0  0  0  0  0  0  0  0  0  0  0  0  0  0  0  0  0  0  0  0  0  0  0  0  0  0  0  0  0  0  0  0  0  0  0  0  0  0  0  0  0  0  0  0  0  0  0  0  0  0  0  0  0  0  0  3.94684  0  0  0  0  0  0  0  0  0  0  0  0  0  0  2.18431  4.91081  0  0  0  0  0  0  0  0  0  0  0  0  0  0  2.67864  0  0  0  0  
0  0  0  0  0  0  0  0  0  0  0  0  0  0  0  0  0  0  0  0  0  0  0  0  0  0  0  0  0  0  0  0  0  0  0  0  0  0  0  0  0  0  0  0  0  0  0  0  0  0  0  4.00092  0  0  0  0  0  3.56673  4.45478  0  0  0  0  0  3.4336  0  0  0  0  4.14848  0  0  0  0  0  0  0  0  0  0  0  0  0  0  0  0  0  0  0  3.45775  0  0  0  2.10068  0  0  0  0  0  1.5963  
0  0  0  0  0  0  0  0  0  0  0  0  0  0  0  0  0  0  0  0  0  0  0  0  0  0  0  0  0  0  0  0  0  0  0  0  0  0  0  0  0  0  0  0  0  0  0  0  0  0  0  0  0  0  0  0  0  0  0  0  0  0  0  4.80945  0  0  0  0  0  0  0  0  0  0  3.69267  0  0  0  0  0  0  0  0  0  0  0  0  0  0  0  0  0  0  0  0  0  4.82312  0  0  0  
0  0  0  0  0  0  0  0  0  0  0  0  0  0  0  0  0  0  0  0  0  0  0  0  0  0  0  0  0  0  0  0  0  0  0  0  0  0  0  0  0  0  0  0  0  0  0  0  0  0  0  0  0  0  0  0  0  0.902682  0  0  0  0  0  0  0  1.34093  0  0  0  3.0754  0  0  0  0  0  0  0  0  0  0  3.51321  0  0  0  0  0  0  0  4.56419  1.71014  0  0  0  0  0  0  0  0  0  2.40559  
0  0  0  0  0  0  0  0  0  0  0  0  0  0  0  0  0  0  0  0  0  0  0  0  0  0  0  0  0  0  0  0  0  0  0  0  0  0  0  0  0  0  0  0  0  0  0  0  0  0  0  0  0  0  2.52816  4.87323  3.35872  0  0  0  0  1.57919  0.68306  0  0  0  0  0  0  0  0  0  0  4.51961  0  0  0  0  4.69156  0  0  0  0  0  0  0  0  0  0  0  0  0  0  0  0  0  0  0  0  0  
0  0  0  0  0  0  0  0  0  0  0  0  0  0  0  0  0  0  0  0  0  0  0  0  0  0  0  0  0  0  0  0  0  0  0  0  0  0  0  0  0  0  0  0  0  0  0  0  0  0  0  0  0  0  0  0  0  0  0  3.8439  4.0999  0  0  0  0  0  4.12019  0  3.79549  0  3.95095  4.69573  3.81458  0  0  2.40499  4.81533  0  0  0  0  4.92055  0  4.23336  0  0  0.5598  0  0  0  0  0  0  4.4746  0  0  4.93741  2.85538  0  0  
0  0  0  0  0  0  0  0  0  0  0  0  0  0  0  0  0  0  0  0  0  0  0  0  0  0  0  0  0  0  0  0  0  0  0  0  0  0  0  0  0  0  0  0  0  0  0  0  0  0  0  0  0  0  0  3.03642  1.88618  0  0  0  0  0.950249  2.03284  0  0  0  0  0  0  0  0  0  0  4.22246  0  0  0  0  0  0  0  0  4.81014  0  0  0  0  4.86882  0  0  0  0  0  0  3.77484  0  0  0  4.58903  0  
0  0  0  0  0  0  0  0  0  0  0  0  0  0  0  0  0  0  0  0  0  0  0  0  0  0  0  0  0  0  0  0  0  0  0  0  0  0  0  0  0  0  0  0  0  0  0  0  0  0  0  0  0  0  0  0  1.52037  0  3.84546  0  0  3.60251  4.68129  0  0  0  0  0  0  0  0  0  0  2.83993  0  0  0  0  4.57403  0  0  0  3.11365  0  0  4.46639  0  2.74578  0  0  3.70412  0  0  0  2.56989  0  0  0  0  0  
0  0  0  0  0  0  0  0  0  0  0  0  0  0  0  0  0  0  0  0  0  0  0  0  0  0  0  0  0  0  0  0  0  0  0  0  0  0  0  0  0  0  0  0  0  0  0  0  0  0  0  0  0  0  0  0  0  0  0  0  0  2.19438  3.21011  0  0  0  0  0  0  0  0  0  0  2.5021  0  0  0  0  3.91285  0  0  0  3.02979  0  0  0  0  4.08427  0  0  4.142  0  0  0  3.48633  0  0  0  0  0  
0  0  0  0  0  0  0  0  0  0  0  0  0  0  0  0  0  0  0  0  0  0  0  0  0  0  0  0  0  0  0  0  0  0  0  0  0  0  0  0  0  0  0  0  0  0  0  0  0  0  0  0  0  0  0  0  0  0  0  0  0  0  0  0  4.60367  1.71068  0  0  0  3.67713  0  0  0  0  0  0  0  0  0  0  3.30081  0  0  0  0  0  0  0  0  2.24331  0  0  0  0  0  0  0  0  0  2.01807  
0  0  0  0  0  0  0  0  0  0  0  0  0  0  0  0  0  0  0  0  0  0  0  0  0  0  0  0  0  0  0  0  0  0  0  0  0  0  0  0  0  0  0  0  0  0  0  0  0  0  0  0  0  0  0  0  0  0  0  0  0  0  0  0  4.3261  0  0  0  0  0  0  0  0  0  0  0  0  0  0  0  0  0  0  0  0  2.4817  0  1.2343  0  0  0  0  0  2.76841  2.51381  0  0  0  0  0  
0  0  0  0  0  0  0  0  0  0  0  0  0  0  0  0  0  0  0  0  0  0  0  0  0  0  0  0  0  0  0  0  0  0  0  0  0  0  0  0  0  0  0  0  0  0  0  0  0  0  0  0  0  0  0  0  0  0  0  0  4.9878  0  0  3.98424  0  0  0  0  3.99177  0  0  0  1.05094  0  2.5666  1.69539  0  0  0  0  0  0  0  2.04618  0  0  3.75792  0  0  0  4.61721  0  0  0  0  0  1.34492  1.73573  0  0  
0  0  0  0  0  0  0  0  0  0  0  0  0  0  0  0  0  0  0  0  0  0  0  0  0  0  0  0  0  0  0  0  0  0  0  0  0  0  0  0  0  0  0  0  0  0  0  0  0  0  0  0  0  0  0  0  0  0  0  0  0  0  0  4.1751  0  0  2.09943  0  1.0552  0  1.13457  2.43732  4.08042  0  0  3.59993  0  0  0  0  0  4.95355  0  3.44995  0  0  4.61232  0  0  0  0  0  4.21487  0  0  0  0  0  0  0  
0  0  0  0  0  0  0  0  0  0  0  0  0  0  0  0  0  0  0  0  0  0  0  0  0  0  0  0  0  0  0  0  0  0  0  0  0  0  0  0  0  0  0  0  0  0  0  0  0  0  0  0  0  0  0  0  0  0  0  0  0  0  1.13622  0  0  0  0  0  0  0  0  0  0  4.12112  0  0  0  0  4.88667  0  0  0  4.74732  0  0  0  0  0  0  0  0  0  0  0  4.68897  0  0  0  4.82424  0  
0  0  0  0  0  0  0  0  0  0  0  0  0  0  0  0  0  0  0  0  0  0  0  0  0  0  0  0  0  0  0  0  0  0  0  0  0  0  0  0  0  0  0  0  0  0  0  0  0  0  0  0  0  0  0  0  0  0  0  0  0  0  0  0  0  0  0  0  0  0  0  0  0  4.73949  0  0  0  0  0  0  0  0  0  0  0  0  0  0  0  0  0  0  0  0  0  0  0  0  4.83397  0  
0  0  0  0  0  0  0  0  0  0  0  0  0  0  0  0  0  0  0  0  0  0  0  0  0  0  0  0  0  0  0  0  0  0  0  0  0  0  0  0  0  0  0  0  0  0  0  0  0  0  0  0  0  0  0  0  0  0  0  0  0  0  0  0  0  0  0  0  3.34543  0  0  0  3.08468  0  2.37834  4.13732  0  0  0  0  0  0  0  2.20678  0  0  0  0  0  0  0  0  0  0  0  0  2.92178  0  0  0  
0  0  0  0  0  0  0  0  0  0  0  0  0  0  0  0  0  0  0  0  0  0  0  0  0  0  0  0  0  0  0  0  0  0  0  0  0  0  0  0  0  0  0  0  0  0  0  0  0  0  0  0  0  0  0  0  0  0  0  0  0  0  0  0  0  0  0  0  0  0  0  0  0  0  0  0  0  0  0  4.75359  0  0  0  0  0  3.42315  0  0  0  0  0  0  0  4.10477  0  3.00677  0  0  0  3.85406  
0  0  0  0  0  0  0  0  0  0  0  0  0  0  0  0  0  0  0  0  0  0  0  0  0  0  0  0  0  0  0  0  0  0  0  0  0  0  0  0  0  0  0  0  0  0  0  0  0  0  0  0  0  0  0  0  0  0  0  0  0  0  0  0  0  0  0  0  0  4.15499  0  0  0  0  0  0  0  0  0  0  2.41818  0  0  0  0  0  0  0  4.5833  2.93319  0  0  0  0  0  0  0  0  0  3.64307  
0  0  0  0  0  0  0  0  0  0  0  0  0  0  0  0  0  0  0  0  0  0  0  0  0  0  0  0  0  0  0  0  0  0  0  0  0  0  0  0  0  0  0  0  0  0  0  0  0  0  0  0  0  0  0  0  0  0  0  0  0  0  0  0  0  0  0  0  3.00014  0  0.96544  0.589372  0  0  0  4.78344  3.9139  0  0  0  0  2.91668  0  0  3.74979  0  4.67859  0  0  0  0  0  3.50962  0  0  0  0  0  0  0  
0  0  0  0  0  0  0  0  0  0  0  0  0  0  0  0  0  0  0  0  0  0  0  0  0  0  0  0  0  0  0  0  0  0  0  0  0  0  0  0  0  0  0  0  0  0  0  0  0  0  0  0  0  0  0  0  0  0  0  0  0  0  0  0  0  0  0  0  0  0  0  0  0  0  0  0  0  0  0  0  0  0  0  0  3.84387  0  0  0  0  0  0  0.944874  3.96071  0  0  0  0  0  0  0  
0  0  0  0  0  0  0  0  0  0  0  0  0  0  0  0  0  0  0  0  0  0  0  0  0  0  0  0  0  0  0  0  0  0  0  0  0  0  0  0  0  0  0  0  0  0  0  0  0  0  0  0  0  0  0  0  0  0  0  0  0  0  0  0  0  0  0  0  0  0  2.06124  3.41725  3.04864  0  4.52792  2.74181  0  0  0  0  0  0  0  2.39531  0  0  4.23971  0  0  0  0  0  0  0  0  0  4.00816  4.66402  0  0  
0  0  0  0  0  0  0  0  0  0  0  0  0  0  0  0  0  0  0  0  0  0  0  0  0  0  0  0  0  0  0  0  0  0  0  0  0  0  0  0  0  0  0  0  0  0  0  0  0  0  0  0  0  0  0  0  0  0  0  0  0  0  0  0  0  0  0  0  0  0  0  0  0  0  0  0  3.43669  0  0  0  0  4.50846  0  0  4.54444  0  0  0  3.73323  1.43488  0  0  0  0  0  0  0  0  0  3.24516  
0  0  0  0  0  0  0  0  0  0  0  0  0  0  0  0  0  0  0  0  0  0  0  0  0  0  0  0  0  0  0  0  0  0  0  0  0  0  0  0  0  0  0  0  0  0  0  0  0  0  0  0  0  0  0  0  0  0  0  0  0  0  0  0  0  0  0  0  0  0  0  1.3601  4.88872  0  0  4.13054  4.75131  0  0  0  0  3.8389  0  4.40054  4.71522  0  4.50443  0  0  0  0  0  3.72822  0  0  0  0  0  0  0  
0  0  0  0  0  0  0  0  0  0  0  0  0  0  0  0  0  0  0  0  0  0  0  0  0  0  0  0  0  0  0  0  0  0  0  0  0  0  0  0  0  0  0  0  0  0  0  0  0  0  0  0  0  0  0  0  0  0  0  0  0  0  0  0  0  0  0  0  0  0  0  0  0  0  0  0  3.98951  0  0  0  0  2.87088  0  0  3.48955  0  0  0  0  0  0  0  2.98374  0  0  0  0  0  0  0  
0  0  0  0  0  0  0  0  0  0  0  0  0  0  0  0  0  0  0  0  0  0  0  0  0  0  0  0  0  0  0  0  0  0  0  0  0  0  0  0  0  0  0  0  0  0  0  0  0  0  0  0  0  0  0  0  0  0  0  0  0  0  0  0  0  0  0  0  0  0  0  0  0  0  2.26625  1.41099  0  0  0  0  0  0  0  1.00577  0  0  3.88225  0  0  0  0  0  0  0  0  0  1.19643  2.48466  0  0  
0  0  0  0  0  0  0  0  0  0  0  0  0  0  0  0  0  0  0  0  0  0  0  0  0  0  0  0  0  0  0  0  0  0  0  0  0  0  0  0  0  0  0  0  0  0  0  0  0  0  0  0  0  0  0  0  0  0  0  0  0  0  0  0  0  0  0  0  0  0  0  0  0  0  0  0  0  0  1.77817  0  0  0  0.636842  0  0  0  0  0  0  0  2.0938  0  0  0  0  0  0  0  0  0  
0  0  0  0  0  0  0  0  0  0  0  0  0  0  0  0  0  0  0  0  0  0  0  0  0  0  0  0  0  0  0  0  0  0  0  0  0  0  0  0  0  0  0  0  0  0  0  0  0  0  0  0  0  0  0  0  0  0  0  0  0  0  0  0  0  0  0  0  0  0  0  0  0  0  0  3.67724  0  0  0  0  0  0  0  2.21535  0  0  0  0  0  0  0  0  0  0  0  0  1.22645  4.2966  0  0  
0  0  0  0  0  0  0  0  0  0  0  0  0  0  0  0  0  0  0  0  0  0  0  0  0  0  0  0  0  0  0  0  0  0  0  0  0  0  0  0  0  0  0  0  0  0  0  0  0  0  0  0  0  0  0  0  0  0  0  0  0  0  0  0  0  0  0  0  0  0  0  0  0  0  0  0  0  0  0  0  0  0  0  1.94393  0  0  2.50678  0  0  0  0  0  0  0  0  0  2.56373  1.92429  0  0  
0  0  0  0  0  0  0  0  0  0  0  0  0  0  0  0  0  0  0  0  0  0  0  0  0  0  0  0  0  0  0  0  0  0  0  0  0  0  0  0  0  0  0  0  0  0  0  0  0  0  0  0  0  0  0  0  0  0  0  0  0  0  0  0  0  0  0  0  0  0  0  0  0  0  0  0  0  0  0  0  0  1.27015  0  0  2.20965  0  0  0  0  4.55612  0  0  0  0  0  0  0  0  0  0  
0  0  0  0  0  0  0  0  0  0  0  0  0  0  0  0  0  0  0  0  0  0  0  0  0  0  0  0  0  0  0  0  0  0  0  0  0  0  0  0  0  0  0  0  0  0  0  0  0  0  0  0  0  0  0  0  0  0  0  0  0  0  0  0  0  0  0  0  0  0  0  0  0  0  0  0  0  0  0  0  0  0  0  0  0  0  0  0  0  0  0  0  0  0  0  4.65957  0  0  3.66642  0  
0  0  0  0  0  0  0  0  0  0  0  0  0  0  0  0  0  0  0  0  0  0  0  0  0  0  0  0  0  0  0  0  0  0  0  0  0  0  0  0  0  0  0  0  0  0  0  0  0  0  0  0  0  0  0  0  0  0  0  0  0  0  0  0  0  0  0  0  0  0  0  0  0  0  0  0  0  0  0  0  0  0  1.85185  0  0  0  0  0  0  0  2.97617  0  0  0  0  0  0  0  0  0  
0  0  0  0  0  0  0  0  0  0  0  0  0  0  0  0  0  0  0  0  0  0  0  0  0  0  0  0  0  0  0  0  0  0  0  0  0  0  0  0  0  0  0  0  0  0  0  0  0  0  0  0  0  0  0  0  0  0  0  0  0  0  0  0  0  0  0  0  0  0  0  0  0  0  0  0  0  0  0  0  0  0  0  0  0  0  0  0  0  0  0  0  0  0  0  2.02581  0  0  0  0  
0  0  0  0  0  0  0  0  0  0  0  0  0  0  0  0  0  0  0  0  0  0  0  0  0  0  0  0  0  0  0  0  0  0  0  0  0  0  0  0  0  0  0  0  0  0  0  0  0  0  0  0  0  0  0  0  0  0  0  0  0  0  0  0  0  0  0  0  0  0  0  0  0  0  0  0  0  0  0  0  0  0  0  0  0  0  0  0  0  0  0  0  0  0  0  0  0  0  0  0  
0  0  0  0  0  0  0  0  0  0  0  0  0  0  0  0  0  0  0  0  0  0  0  0  0  0  0  0  0  0  0  0  0  0  0  0  0  0  0  0  0  0  0  0  0  0  0  0  0  0  0  0  0  0  0  0  0  0  0  0  0  0  0  0  0  0  0  0  0  0  0  0  0  0  0  0  0  0  0  0  0  0  0  0  1.42155  0  0  0  0  0  0  0  0  0  0  0  0  0  0  0  
0  0  0  0  0  0  0  0  0  0  0  0  0  0  0  0  0  0  0  0  0  0  0  0  0  0  0  0  0  0  0  0  0  0  0  0  0  0  0  0  0  0  0  0  0  0  0  0  0  0  0  0  0  0  0  0  0  0  0  0  0  0  0  0  0  0  0  0  0  0  0  0  0  0  0  0  0  0  0  0  0  0  0  0  0  0  0  0  0  0  1.48255  0  0  0  0  0  0  0  0  0  
0  0  0  0  0  0  0  0  0  0  0  0  0  0  0  0  0  0  0  0  0  0  0  0  0  0  0  0  0  0  0  0  0  0  0  0  0  0  0  0  0  0  0  0  0  0  0  0  0  0  0  0  0  0  0  0  0  0  0  0  0  0  0  0  0  0  0  0  0  0  0  0  0  0  0  0  0  0  0  0  0  0  0  0  0  0  4.41919  0  0  0  0  0  0  0  0  0  1.63137  3.42982  0  0  
0  0  0  0  0  0  0  0  0  0  0  0  0  0  0  0  0  0  0  0  0  0  0  0  0  0  0  0  0  0  0  0  0  0  0  0  0  0  0  0  0  0  0  0  0  0  0  0  0  0  0  0  0  0  0  0  0  0  0  0  0  0  0  0  0  0  0  0  0  0  0  0  0  0  0  0  0  0  0  0  0  0  0  0  0  0  0  0  0  0  0  4.77369  4.87293  0  0  0  0  0  0  0  
0  0  0  0  0  0  0  0  0  0  0  0  0  0  0  0  0  0  0  0  0  0  0  0  0  0  0  0  0  0  0  0  0  0  0  0  0  0  0  0  0  0  0  0  0  0  0  0  0  0  0  0  0  0  0  0  0  0  0  0  0  0  0  0  0  0  0  0  0  0  0  0  0  0  0  0  0  0  0  0  0  0  0  0  0  0  0  2.24666  0  0  0  0  0  4.52065  1.93624  4.18281  0  0  0  0  
0  0  0  0  0  0  0  0  0  0  0  0  0  0  0  0  0  0  0  0  0  0  0  0  0  0  0  0  0  0  0  0  0  0  0  0  0  0  0  0  0  0  0  0  0  0  0  0  0  0  0  0  0  0  0  0  0  0  0  0  0  0  0  0  0  0  0  0  0  0  0  0  0  0  0  0  0  0  0  0  0  0  0  0  0  0  0  0  0  0  0  0  0  4.17794  0  0  4.94303  2.55045  0  0  
0  0  0  0  0  0  0  0  0  0  0  0  0  0  0  0  0  0  0  0  0  0  0  0  0  0  0  0  0  0  0  0  0  0  0  0  0  0  0  0  0  0  0  0  0  0  0  0  0  0  0  0  0  0  0  0  0  0  0  0  0  0  0  0  0  0  0  0  0  0  0  0  0  0  0  0  0  0  0  0  0  0  0  0  0  0  0  0  0  0  0  0  0  4.0013  1.40445  0  0  0  0  0  
0  0  0  0  0  0  0  0  0  0  0  0  0  0  0  0  0  0  0  0  0  0  0  0  0  0  0  0  0  0  0  0  0  0  0  0  0  0  0  0  0  0  0  0  0  0  0  0  0  0  0  0  0  0  0  0  0  0  0  0  0  0  0  0  0  0  0  0  0  0  0  0  0  0  0  0  0  0  0  0  0  0  0  0  0  0  0  0  0  4.15488  0  0  0  0  0  0  0  0  0  0  
0  0  0  0  0  0  0  0  0  0  0  0  0  0  0  0  0  0  0  0  0  0  0  0  0  0  0  0  0  0  0  0  0  0  0  0  0  0  0  0  0  0  0  0  0  0  0  0  0  0  0  0  0  0  0  0  0  0  0  0  0  0  0  0  0  0  0  0  0  0  0  0  0  0  0  0  0  0  0  0  0  0  0  0  0  0  0  0  0  0  0  0  0  0  0  0  0  0  0  2.15505  
0  0  0  0  0  0  0  0  0  0  0  0  0  0  0  0  0  0  0  0  0  0  0  0  0  0  0  0  0  0  0  0  0  0  0  0  0  0  0  0  0  0  0  0  0  0  0  0  0  0  0  0  0  0  0  0  0  0  0  0  0  0  0  0  0  0  0  0  0  0  0  0  0  0  0  0  0  0  0  0  0  0  0  0  0  0  0  0  0  0  0  0  0  0  0  0  0  3.99774  0  0  
0  0  0  0  0  0  0  0  0  0  0  0  0  0  0  0  0  0  0  0  0  0  0  0  0  0  0  0  0  0  0  0  0  0  0  0  0  0  0  0  0  0  0  0  0  0  0  0  0  0  0  0  0  0  0  0  0  0  0  0  0  0  0  0  0  0  0  0  0  0  0  0  0  0  0  0  0  0  0  0  0  0  0  0  0  0  0  0  0  0  0  0  4.43221  0  0  0  0  0  0  0  
0  0  0  0  0  0  0  0  0  0  0  0  0  0  0  0  0  0  0  0  0  0  0  0  0  0  0  0  0  0  0  0  0  0  0  0  0  0  0  0  0  0  0  0  0  0  0  0  0  0  0  0  0  0  0  0  0  0  0  0  0  0  0  0  0  0  0  0  0  0  0  0  0  0  0  0  0  0  0  0  0  0  0  0  0  0  0  0  0  0  0  0  0  0  0  0  0  0  0  0  
0  0  0  0  0  0  0  0  0  0  0  0  0  0  0  0  0  0  0  0  0  0  0  0  0  0  0  0  0  0  0  0  0  0  0  0  0  0  0  0  0  0  0  0  0  0  0  0  0  0  0  0  0  0  0  0  0  0  0  0  0  0  0  0  0  0  0  0  0  0  0  0  0  0  0  0  0  0  0  0  0  0  0  0  0  0  0  0  0  0  0  0  0  0  0  0  0  0  0  3.69315  
0  0  0  0  0  0  0  0  0  0  0  0  0  0  0  0  0  0  0  0  0  0  0  0  0  0  0  0  0  0  0  0  0  0  0  0  0  0  0  0  0  0  0  0  0  0  0  0  0  0  0  0  0  0  0  0  0  0  0  0  0  0  0  0  0  0  0  0  0  0  0  0  0  0  0  0  0  0  0  0  0  0  0  0  0  0  0  0  0  0  0  0  0  0  0  0  0  0  0  0  
0  0  0  0  0  0  0  0  0  0  0  0  0  0  0  0  0  0  0  0  0  0  0  0  0  0  0  0  0  0  0  0  0  0  0  0  0  0  0  0  0  0  0  0  0  0  0  0  0  0  0  0  0  0  0  0  0  0  0  0  0  0  0  0  0  0  0  0  0  0  0  0  0  0  0  0  0  0  0  0  0  0  0  0  0  0  0  0  0  0  0  0  0  0  0  0  0  0  0  0  
0  0  0  0  0  0  0  0  0  0  0  0  0  0  0  0  0  0  0  0  0  0  0  0  0  0  0  0  0  0  0  0  0  0  0  0  0  0  0  0  0  0  0  0  0  0  0  0  0  0  0  0  0  0  0  0  0  0  0  0  0  0  0  0  0  0  0  0  0  0  0  0  0  0  0  0  0  0  0  0  0  0  0  0  0  0  0  0  0  0  0  0  0  0  0  0  0  3.07981  0  0  
0  0  0  0  0  0  0  0  0  0  0  0  0  0  0  0  0  0  0  0  0  0  0  0  0  0  0  0  0  0  0  0  0  0  0  0  0  0  0  0  0  0  0  0  0  0  0  0  0  0  0  0  0  0  0  0  0  0  0  0  0  0  0  0  0  0  0  0  0  0  0  0  0  0  0  0  0  0  0  0  0  0  0  0  0  0  0  0  0  0  0  0  0  0  0  0  0  0  0  0  
0  0  0  0  0  0  0  0  0  0  0  0  0  0  0  0  0  0  0  0  0  0  0  0  0  0  0  0  0  0  0  0  0  0  0  0  0  0  0  0  0  0  0  0  0  0  0  0  0  0  0  0  0  0  0  0  0  0  0  0  0  0  0  0  0  0  0  0  0  0  0  0  0  0  0  0  0  0  0  0  0  0  0  0  0  0  0  0  0  0  0  0  0  0  0  0  0  0  0  0  
0  0  0  0  0  0  0  0  0  0  0  0  0  0  0  0  0  0  0  0  0  0  0  0  0  0  0  0  0  0  0  0  0  0  0  0  0  0  0  0  0  0  0  0  0  0  0  0  0  0  0  0  0  0  0  0  0  0  0  0  0  0  0  0  0  0  0  0  0  0  0  0  0  0  0  0  0  0  0  0  0  0  0  0  0  0  0  0  0  0  0  0  0  0  0  0  0  0  0  0  
